AGE,ID,RACE,GENDER,DBP,SBP,WEIGHT,HEIGHT
59,20001,1,1,82,126,212,67
48,20002,1,2,82,131,137,66
67,20003,1,1,64,110,153.25,71
62,20004,1,1,72,106,170.75,71
73,20005,1,2,62,144,108.25,59
51,20006,1,1,80,118,208,77
58,20007,4,2,84,155,132,62.75
65,20009,1,2,66,106,164.5,66.5
54,20010,1,1,74,122,187.75,66
60,20011,1,2,92,155,185.75,62
66,20012,1,1,88,122,177,73
46,20013,4,1,88,130,169.75,69
59,20014,3,2,80,115,146,62
57,20015,1,1,84,130,154,66
44,20016,1,1,90,126,252.5,66.25
49,20017,1,1,85,124,180,66
43,20018,1,1,80,124,238.5,72
67,20019,1,1,66,96,178,66.25
55,20020,1,1,104,153,246.75,70
57,20021,1,2,71,106,157.5,67
62,20022,4,1,70,114,102.25,61.25
45,20023,1,1,93,117,205.5,67
56,20024,1,2,60,94,120.5,64.5
53,20026,1,2,91,130,156,64
48,20027,1,1,72,122,230,73
53,20028,1,1,89,131,161.5,69
50,20029,1,1,76,102,198.5,72
59,20030,1,1,82,135,202.25,70.5
51,20031,2,2,90,134,190.5,59.5
46,20032,3,1,77,110,160.75,65.75
45,20033,1,1,76,110,157.25,66.25
48,20034,1,1,82,124,254.5,71.75
51,20035,1,1,95,126,233.5,70
54,20036,3,2,90,160,228.5,63.75
54,20037,1,1,78,116,171,69.5
48,20038,4,1,66,109,157,67
61,20039,1,1,74,112,179,68
63,20040,1,2,82,122,150.5,63.25
53,20041,1,2,70,124,116.75,63
52,20042,1,1,74,106,208.5,69
67,20043,1,2,79,118,153,64.5
48,20044,1,1,72,104,177,67
65,20045,1,2,72,126,103,60
40,20046,1,1,82,118,193,65.25
40,20047,2,1,82,114,212.5,69.25
46,20048,1,1,88,140,176.5,69.25
50,20049,1,2,82,108,154.75,68.25
41,20050,1,1,64,110,143,69.5
50,20051,1,1,84,160,167,67.25
49,20052,1,1,80,116,120.75,65
47,20053,1,1,80,120,187.75,64.25
73,20054,1,2,68,122,209,61.75
49,20055,1,1,71,120,226.25,75.5
58,20056,4,1,80,144,127,62.25
66,20057,1,1,86,128,230,71.25
51,20058,3,2,78,127,141.25,63
67,20059,1,1,90,142,210.5,74.5
41,20060,1,1,80,120,227,73.25
64,20061,1,1,80,120,199.5,71
41,20062,3,1,74,106,163,69
40,20063,1,1,70,98,166.5,72
42,20064,1,1,83,136,152.5,67
61,20065,1,2,70,100,148.75,66
72,20066,1,1,74,116,186.5,70.75
72,20067,4,1,78,121,160,73
76,20068,2,2,50,190,122.5,59.75
50,20069,1,2,86,114,197,67.25
45,20070,1,1,72,113,161.5,67
45,20071,3,2,66,124,144.25,60.25
53,20072,1,2,70,90,139.25,61.5
64,20073,1,1,82,146,222,70
70,20074,1,2,75,112,190,63.5
47,20075,4,1,70,110,142,67.25
53,20076,4,2,80,156,174.25,61
41,20077,3,1,90,136,161,65.25
46,20078,1,1,70,100,204,69
50,20079,1,1,78,118,181.25,71.5
43,20081,1,1,76,113,175,71
75,20082,1,2,62,132,135.25,65
52,20083,1,2,70,131,153.25,68.5
51,20084,1,1,78,116,188,66.25
48,20085,1,1,77,115,200.5,67
73,20086,1,1,89,160,222.25,68
41,20087,3,1,87,126,164,67.5
50,20088,1,1,73,103,200,69.25
65,20089,1,1,80,120,172.5,68.75
50,20090,3,2,64,108,174,64.5
53,20091,2,1,86,124,198.5,71.75
51,20092,1,2,86,129,133,63.25
59,20093,1,2,64,110,152,67.75
56,20094,1,2,66,120,141.5,67.5
77,20095,2,1,84,145,198.5,70.75
75,20096,2,2,69,112,134.25,65.5
53,20097,4,1,70,116,176,66.25
62,20098,1,2,63,109,124.25,60.75
60,20099,1,1,86,144,180,69
67,20100,1,1,82,157,162.5,66
54,20101,1,2,62,107,136,62.5
45,20102,3,1,64,94,206,68.25
48,20103,1,2,72,112,206,65
58,20104,1,1,68,107,204,76.5
54,20105,1,2,68,93,139,64.5
69,20106,1,2,68,128,125.75,62.75
72,20107,1,2,146,146,125.5,61.5
78,20108,1,1,85,156,162,66.5
57,20109,1,2,88,126,270.5,63.5
40,20110,4,1,80,108,187,68.25
62,20111,2,2,81,103,162.5,65
43,20112,1,1,61,98,178.5,71.25
67,20113,1,2,84,136,250,64.25
59,20114,1,1,81,115,160,69
59,20115,1,1,61,87,150,68
56,20116,1,1,84,118,176.5,69
54,20117,1,2,65,102,133.5,62.75
45,20118,1,1,74,112,209,71
55,20119,4,2,70,108,138.5,61.25
62,20120,2,2,69,132,250,70
47,20121,3,1,60,90,257,71
60,20122,1,1,91,131,262,73
49,20123,1,1,87,129,161.5,66.5
45,20124,1,2,94,134,179.5,66.5
57,20125,1,1,76,111,198,69.5
57,20126,3,1,74,130,196.75,63.75
77,20127,2,2,75,140,133,61
44,20128,1,1,68,128,164,66.25
47,20129,1,1,75,108,176.5,68
74,20130,3,2,68,134,183,63
71,20131,3,2,56,116,150,60
55,20132,1,1,74,120,184,70.5
62,20133,1,2,82,134,164.5,65.5
77,20134,1,1,84,174,168.5,68.25
48,20135,1,1,88,130,234.5,70
57,20136,4,2,72,138,123.5,58.25
52,20137,4,1,78,112,144,66
58,20138,2,2,84,124,139,60.75
75,20139,1,1,87,137,184,69
73,20140,1,2,72,142,170,63
52,20141,1,1,80,106,219,70.5
80,20142,1,1,65,126,164.5,69.5
70,20143,1,2,89,154,162.5,63.25
62,20144,1,1,83,146,218,72
55,20145,1,2,80,130,129,62.75
82,20146,3,2,74,136,129,56.5
61,20147,1,1,84,133,167.5,67.5
53,20148,1,1,88,124,183,69
63,20149,3,1,68,114,159,67
68,20150,1,1,73,100,178.5,67.25
57,20151,1,1,84,158,211,68.25
71,20152,1,1,76,133,224.5,70
58,20153,3,1,74,143,191.5,67
65,20154,1,1,86,155,242,68
71,20155,1,2,82,142,161,65
58,20156,2,2,80,114,181,60.5
53,20157,3,2,88,120,239,65
57,20158,1,1,80,124,248,72.75
54,20160,1,1,76,109,152,67
58,20161,1,2,84,129,148.25,67
60,20162,1,2,72,116,136,64.5
59,20163,1,2,84,126,140,63.5
67,20164,1,1,68,110,143,62.75
41,20165,1,1,88,114,148.25,68.5
52,20166,3,1,84,123,194.5,68.75
58,20167,2,2,72,128,132.25,62.75
64,20168,1,1,84,140,220,73
55,20169,2,1,84,141,215.5,71.75
53,20170,2,2,98,145,191.5,64.75
63,20171,1,1,74,122,188.75,70.5
61,20172,1,2,78,126,169.75,65.75
50,20173,1,1,63,92,158.5,67.5
63,20174,4,1,82,131,138.75,63.5
41,20175,2,1,84,112,181.5,70
40,20176,1,1,60,100,198,72
64,20177,4,2,76,136,173,61.5
45,20178,1,1,64,120,227,71.5
78,20179,4,2,66,132,133.25,60.75
58,20180,1,2,81,137,156,64.25
60,20181,1,1,94,145,241.5,67
58,20182,1,2,88,132,224,66.25
71,20183,1,2,68,128,138,63.5
45,20184,1,1,74,110,154.5,66.5
66,20185,1,2,79,130,159.75,63.5
63,20186,1,1,81,110,192,72
64,20187,1,2,64,104,174.5,69.25
65,20188,1,2,70,101,156.75,65.25
67,20189,1,2,78,120,226,65
57,20190,1,1,88,142,222,70.75
52,20191,2,2,78,120,150.75,65.25
82,20192,1,2,81,146,137,65.75
54,20193,1,2,74,115,129.75,63.5
60,20194,1,1,164,164,142.5,64
54,20195,2,2,80,130,172,65
50,20196,1,1,84,114,157.5,68
54,20197,1,2,74,107,122.5,69
53,20198,1,1,88,140,271.5,69.5
73,20199,3,1,62,138,179.25,61
58,20200,1,2,64,104,140,68
53,20201,3,2,83,130,106.5,60
80,20202,1,1,69,118,150,65
56,20203,1,2,79,129,197,64
76,20204,1,1,74,114,170.75,63.5
56,20205,1,1,70,123,158,64.5
67,20206,4,1,80,140,182.5,67.5
70,20207,1,1,70,134,185,69
41,20208,1,1,78,124,220.5,66
53,20209,1,2,72,110,144.5,64.5
45,20210,1,1,83,132,187.75,73
66,20211,2,2,84,137,197,65
60,20212,1,2,63,114,135.25,61.75
67,20213,1,1,85,130,179,67.5
68,20214,4,1,76,132,125,65.5
50,20215,1,1,80,136,182.5,65.75
75,20216,1,2,87,137,132,64.25
61,20217,1,2,80,110,202.5,69
57,20218,1,1,78,110,185,71
78,20219,1,2,70,133,194.5,62.5
44,20220,4,1,80,115,214.5,71.5
57,20221,1,1,79,126,189.25,71.25
56,20223,3,1,90,126,218.5,71
54,20224,1,1,80,134,201.25,71.25
71,20225,4,1,90,136,164.5,64
70,20226,3,1,86,147,202,69.5
50,20227,1,1,90,134,183.5,69.5
41,20228,1,1,84,120,149.75,65
58,20229,3,1,76,109,182.5,67.5
53,20230,1,1,78,116,165.5,68
46,20231,1,2,70,100,142.5,62.5
56,20232,1,1,91,133,253,72.5
50,20233,1,1,72,115,176.5,71.5
68,20234,1,1,96,134,212,68.25
50,20235,2,2,88,138,176,64
54,20236,3,2,70,110,140,61.25
56,20237,3,1,72,117,196,68.75
56,20238,3,2,72,139,169.5,60.75
61,20239,1,1,72,108,208,73.5
53,20240,1,2,89,138,133.25,59.25
42,20241,1,1,92,132,213,74
47,20242,1,2,90,130,187,61.5
48,20243,1,1,74,118,227,69.5
44,20244,1,1,90,120,186.5,71
44,20245,3,1,85,116,151.5,65.5
70,20246,1,2,80,147,128,59.5
57,20247,1,2,80,116,251.5,64
46,20248,3,1,80,110,211,68
56,20249,1,1,85,124,161,70.5
52,20250,4,1,75,102,154.5,66.75
57,20251,1,2,88,126,164.5,62.5
49,20252,3,1,84,117,180.5,71.75
54,20253,1,1,90,135,197.25,71.5
50,20254,1,1,75,113,194,67
65,20255,1,2,96,168,136,62
60,20256,1,1,106,162,240.5,71.75
51,20257,2,2,82,111,259.5,71.5
53,20258,1,1,96,137,225.5,74
41,20259,1,1,77,110,168.25,66
42,20260,1,1,90,120,186,68.5
47,20261,1,1,74,110,165.5,69
41,20262,1,1,80,124,198,69
66,20263,4,2,76,126,119.75,62
50,20265,3,1,80,130,208,68
62,20266,1,2,71,100,119.5,67.25
60,20267,4,2,76,122,144.25,58.75
63,20268,2,2,88,156,161.5,64.75
52,20269,1,1,78,110,241.5,73.75
70,20270,1,2,78,126,172.5,67
45,20271,1,2,70,105,148.5,69
59,20272,1,1,79,113,200,74.25
68,20273,1,2,75,125,122.5,64
62,20274,4,2,66,108,202.25,66.25
70,20275,1,1,80,140,173.5,67.5
55,20276,3,2,82,128,184,59.25
73,20277,3,2,80,184,145,61.5
67,20278,1,1,71,138,163.25,67.75
46,20279,3,1,80,114,207,68.5
42,20280,2,1,83,104,156.5,71
60,20281,1,2,82,134,114,60.5
64,20282,1,1,64,124,138,65.5
61,20283,1,1,93,140,162,69.5
67,20284,4,1,76,138,184,70
70,20285,2,2,76,136,208,65.5
62,20286,2,1,70,113,179,65
42,20287,3,1,90,114,179,65.75
55,20288,1,1,78,120,264.5,71.75
63,20289,2,2,86,140,204,65
53,20290,1,1,78,109,252,69
71,20291,1,2,84,123,183,72
58,20292,1,2,76,112,146.25,61
53,20294,1,2,76,128,141,66
51,20295,3,1,84,130,210.5,69
61,20296,3,2,78,123,180.5,63
61,20297,3,2,83,121,139,59
45,20298,3,1,92,138,239.5,70.5
46,20299,1,1,78,105,151.5,68
48,20300,4,1,76,116,172,70.25
68,20301,1,1,81,109,215,74
57,20302,1,1,82,118,169.75,67.25
62,20303,1,2,73,105,189.5,61.75
67,20304,1,1,83,163,205,68.5
74,20305,3,2,81,151,131,58
50,20306,3,1,84,117,174,65.75
40,20307,1,1,72,114,186,70.75
71,20308,1,1,66,111,155,69.5
54,20309,1,2,73,105,123.5,62.25
51,20310,1,2,80,104,164.5,65.5
54,20311,3,1,81,125,221,72
54,20312,1,1,92,138,185,70
51,20313,1,2,74,104,152,68.25
60,20314,1,1,108,108,169,72
61,20315,1,2,82,124,227.5,67
72,20316,1,1,80,168,227,67.5
67,20317,,2,96,150,187,64
60,20318,2,1,94,179,201.5,68.25
51,20319,1,2,80,128,159.75,63.75
55,20321,3,1,83,132,175.25,69.25
54,20322,1,1,70,120,150,65.5
67,20323,1,2,80,152,121.5,63.75
47,20325,3,1,92,140,239.75,65.25
57,20326,2,1,92,136,209.5,68.5
55,20327,1,1,85,118,196,73
64,20328,1,2,81,126,134,63.5
50,20329,1,1,90,138,203.75,70.75
57,20330,1,1,70,112,197.75,66
53,20331,1,2,76,123,146,65.5
60,20332,1,1,70,113,208,72
50,20333,1,1,84,115,172,67
69,20334,1,1,70,134,176,65.5
55,20335,1,2,80,138,149.75,68.5
45,20336,1,1,76,122,256.5,73
60,20337,1,2,82,129,183,64
70,20338,3,2,71,120,170.25,63
47,20339,1,2,82,129,129,69.5
65,20340,1,1,81,146,195.75,66
69,20341,1,1,86,133,182,69.5
50,20342,3,1,84,118,175.5,70.5
54,20343,1,1,66,96,137.25,63.25
71,20344,1,2,66,126,123,62.5
60,20345,1,1,80,130,209.75,71
51,20346,1,1,82,128,215.25,73
59,20347,4,1,66,120,172,66
59,20348,1,1,84,117,231.5,67.5
58,20349,1,2,71,121,194.25,63.75
88,20350,1,2,74,157,190,60.5
51,20351,2,2,90,133,217,66.5
53,20352,4,2,86,116,103.5,61.5
55,20353,1,2,70,91,164,66
71,20354,1,1,70,144,160.25,66.25
53,20355,1,1,89,154,165.5,69
47,20356,1,1,96,140,137,66.25
77,20357,1,1,70,138,117.5,62
64,20358,1,1,80,142,229,69
60,20359,3,2,66,90,131,62.25
60,20360,1,2,82,125,136.25,65.5
59,20361,1,2,100,160,131.75,64.5
62,20362,1,2,74,124,145.5,65.5
58,20363,3,2,91,136,200,65.75
55,20364,1,2,68,110,155.75,64.75
47,20365,1,1,83,121,156,69
60,20366,2,1,92,142,213.75,69.75
62,20367,1,2,74,110,142,64.75
52,20368,1,1,82,141,190,71.25
60,20369,4,2,82,140,120,64.5
62,20370,4,2,85,159,136,63.75
51,20371,4,2,82,116,183,68
57,20372,1,1,80,122,177.5,77.5
57,20373,4,2,73,116,118,60
56,20374,1,1,80,124,247,67
74,20375,1,1,74,134,200,70.75
52,20376,1,2,80,125,154,66.5
45,20377,3,1,79,117,200,68
56,20378,1,1,92,158,148,69
59,20379,1,2,71,130,172.5,65
52,20380,1,1,90,130,209,73.5
54,20381,1,1,88,126,234,71.25
65,20382,1,1,76,133,260,76.25
65,20383,1,1,64,130,161.5,65
55,20384,3,1,86,116,254.25,74
61,20385,1,2,68,102,145.75,67.5
67,20386,1,1,100,182,174.75,68
59,20387,1,2,69,112,146,62
64,20388,1,1,78,130,182.25,70.75
60,20389,1,2,78,148,134.25,61.25
73,20390,1,1,64,100,181.5,70.5
73,20391,1,2,80,150,204,66
63,20392,1,1,80,132,207,71.5
48,20393,3,1,90,120,213,68.25
72,20395,1,1,88,158,192.25,68
56,20396,1,1,68,106,180,69
70,20398,1,2,94,143,185,64.5
60,20399,2,2,60,116,121.25,65
69,20400,4,2,86,142,123,61
63,20401,3,1,80,124,185,68
56,20402,1,1,73,122,174.75,71
53,20403,2,2,88,123,201,68
54,20404,1,1,70,103,178.25,69.5
59,20405,1,2,74,108,106,62
63,20406,1,1,86,134,178.5,70
63,20407,1,2,68,98,168,64.5
59,20408,4,2,76,109,125.5,62
47,20409,3,1,88,122,195.5,67
53,20410,1,1,86,111,203,70.25
56,20411,1,1,72,114,184,73
56,20412,1,2,83,115,111,61.75
53,20413,4,2,70,114,130.5,62
71,20414,1,1,90,153,173.75,69.5
61,20415,1,1,96,148,178,71.75
68,20416,2,2,86,138,194,61.5
66,20417,1,2,86,147,154.25,64
74,20418,1,1,96,168,158.25,65.25
42,20419,1,1,70,110,183.75,68.25
66,20420,1,1,86,140,216.25,66.25
64,20421,1,1,78,128,204,70.25
65,20422,1,2,68,117,185.5,69
57,20423,4,2,94,128,143.5,62
72,20424,1,1,68,106,168.5,71
69,20425,3,2,53,138,152.5,62
52,20426,3,2,70,108,147.5,65.5
59,20427,3,2,84,146,156.5,61
62,20428,1,1,90,142,174.5,69.75
74,20429,1,1,66,123,198.5,71.25
67,20430,1,2,88,144,172,67
57,20431,1,1,92,130,210,68.25
70,20432,1,2,82,144,170.5,60.25
57,20433,1,2,68,118,153.5,66
55,20434,3,1,68,108,172.5,67.5
88,20435,1,1,70,132,143.5,73
66,20436,3,2,90,130,136.5,62.25
55,20437,1,1,71,102,173.75,67.5
56,20438,1,1,80,122,186.75,68.5
55,20439,1,2,72,100,162.75,65.75
63,20441,3,2,64,98,166.75,61
66,20442,1,1,88,140,283,74.25
68,20443,1,1,74,118,190,69
54,20444,3,2,74,122,182.75,61
66,20445,4,2,80,142,123,59.5
77,20446,1,2,78,142,185,65.5
53,20447,1,1,83,126,221.5,73
47,20448,2,1,68,100,164.75,68.75
60,20452,1,2,68,109,137.5,65
56,20453,4,2,76,108,122.5,61.5
60,20454,1,2,76,120,156.5,64.5
60,20455,1,1,85,130,167,66.75
66,20456,1,1,80,130,227,67.5
55,20457,1,2,84,118,156,63
64,20458,4,2,78,138,101.5,59.5
67,20459,4,1,90,146,157.5,67
59,20460,3,2,71,121,128,61
42,20461,1,1,70,110,189.25,69.75
49,20462,1,2,80,118,174,66.75
51,20463,1,1,90,128,236,71.5
82,20464,1,2,88,150,163,64.75
59,20465,1,1,90,133,181.5,70
75,20467,1,1,76,122,176.5,62.25
58,20468,1,2,71,110,165,66
53,20469,1,2,96,154,138,64.25
54,20470,1,1,90,143,192,72
66,20471,1,1,98,160,191,70.25
64,20472,1,2,90,126,161.25,68
52,20473,1,1,80,122,182.5,67.5
62,20474,1,2,98,150,125.5,62.5
62,20475,1,1,82,128,184,67.5
56,20476,1,1,78,124,228.5,74.75
58,20477,3,2,80,131,146.5,61.5
64,20478,1,2,91,154,183.5,70
56,20479,1,2,62,93,139.5,67
68,20480,4,1,84,132,140,64.5
57,20481,2,1,81,111,181.5,72.75
67,20482,2,1,92,152,210,69.5
59,20483,2,1,84,126,186.5,67.5
52,20484,1,1,92,138,200,72
54,20485,1,2,82,122,164.5,63
58,20486,1,1,82,130,168,72
50,20487,1,1,88,134,271.75,69.5
60,20488,4,2,80,116,186.25,60.5
67,20489,1,2,92,136,162.75,66
72,20490,1,2,76,122,104.75,59.25
61,20491,3,2,85,132,186,60.5
59,20492,1,1,73,105,172.25,70.5
73,20493,3,1,82,129,198.5,68
65,20494,1,2,90,144,76,60.5
52,20495,1,1,79,114,257,69
88,20496,1,2,88,158,129.25,66.75
59,20497,4,1,98,120,148.75,66.25
56,20498,1,1,91,124,170,70.5
63,20499,2,1,80,124,192.5,70
60,20500,1,2,82,110,106.5,62.5
73,20501,1,1,84,128,173.25,68.25
55,20502,1,1,102,144,218,74.25
60,20503,1,2,78,115,172.5,67.5
53,20504,1,1,90,140,168.5,66.5
46,20505,1,1,80,106,208.25,72.75
63,20506,2,2,84,160,186,62
43,20507,4,1,93,135,200,67.5
66,20508,1,1,71,118,161.5,66
41,20509,1,1,80,126,183,72.25
59,20510,1,1,80,124,204.25,69.5
61,20511,4,1,80,133,164,56.25
42,20512,2,1,76,101,181.25,72
65,20513,3,2,90,150,193.5,63.5
70,20514,1,1,64,110,153.5,67
53,20515,1,1,76,110,228,72.5
60,20519,1,2,86,158,123.5,63
69,20520,1,1,72,112,155.75,65.75
62,20521,4,2,84,137,140,59.5
64,20522,1,2,70,109,154.75,62.5
62,20523,1,1,84,120,201.5,69.5
58,20524,1,2,79,119,141.5,65.25
45,20525,1,1,76,116,164,67.25
84,20526,1,2,84,148,100,60.75
64,20527,4,1,66,108,107,67
68,20528,1,2,88,120,129,65
58,20529,3,1,80,135,170.5,65.75
56,20530,3,2,78,128,139,60
57,20531,3,2,80,125,127.75,60
59,20532,3,2,75,117,184,60.75
69,20533,1,1,78,140,183.5,69
68,20534,1,2,84,128,198,64
62,20535,3,2,90,148,199,63
64,20536,3,1,92,139,197,65.75
47,20537,1,1,94,132,220,71.5
53,20538,1,1,83,121,176.5,67.5
57,20539,1,2,76,113,180.25,68.75
57,20540,1,1,90,130,314,70.75
62,20541,1,1,94,138,177,69
64,20542,1,2,81,158,157.5,65.5
54,20543,3,1,88,140,204,70
59,20545,1,2,70,122,251,63
42,20546,4,1,70,110,172.25,67.75
59,20547,1,2,84,150,169.75,65
65,20548,1,1,80,126,182.5,71.25
78,20549,1,2,76,124,127.5,66
53,20550,3,2,63,106,123.25,62
55,20551,1,1,78,110,195.25,72.5
63,20552,4,1,74,144,194.5,68.5
50,20553,3,1,88,128,200.25,70
66,20554,2,1,85,134,278,69
70,20555,3,1,81,149,158.5,65.25
63,20556,1,1,92,142,226,76.25
65,20557,1,2,96,150,164.75,63
71,20558,3,2,80,150,149,61.25
40,20559,1,1,84,116,174,71
58,20560,1,2,82,122,158.5,62.25
53,20561,1,2,76,108,123.5,65
50,20562,4,1,82,133,159.5,69
58,20563,3,2,86,150,170.5,64
71,20564,1,2,83,156,182.5,62.5
62,20565,1,2,86,158,133.25,63
45,20566,1,2,90,120,223.25,70
55,20567,2,1,88,127,179.5,69
45,20568,1,1,72,130,187.5,68
68,20569,1,2,70,120,168,65.5
47,20570,3,2,76,108,147,62.25
54,20571,2,2,89,140,173.5,65.25
60,20572,1,2,91,154,124,61
49,20573,4,1,88,150,168.5,67
71,20574,1,2,86,144,116,64
53,20575,3,2,83,105,165.5,61.75
54,20576,3,2,82,120,123.75,60.75
54,20577,1,2,80,118,167,67.75
43,20578,3,2,86,121,173,60.5
60,20579,1,1,74,126,204,69
56,20580,1,2,70,110,,65.75
78,20581,1,1,74,124,178.5,67
40,20582,1,1,101,158,336.25,73.75
51,20583,1,2,82,138,113,66
44,20584,1,1,90,130,223.5,69.5
49,20585,1,1,90,120,236,75
41,20586,1,1,79,110,165,72
65,20587,1,2,80,110,158.25,65.25
62,20588,1,1,89,146,194,65
55,20589,2,2,84,138,226.5,69.5
54,20590,1,1,88,150,161.5,66.5
49,20591,1,1,60,96,162,72
64,20592,1,2,72,144,117.5,64
62,20593,1,2,82,120,126,64
54,20594,1,2,98,128,185.75,63.5
74,20595,1,2,60,110,154,60
60,20596,1,2,96,146,176.75,66.5
55,20597,1,2,92,146,162.25,64.25
67,20598,1,2,80,140,180,67.5
54,20599,1,2,84,132,137.25,64.25
71,20600,1,2,88,144,170.5,64
52,20601,1,1,81,114,254.5,64
64,20602,2,1,88,160,202,69
53,20603,3,2,80,130,134.75,60.5
46,20604,4,1,84,114,170.25,67.75
47,20605,2,1,98,117,226,71.75
59,20606,3,1,80,124,228,67.5
44,20607,1,1,66,114,170.5,68
52,20608,1,2,84,136,215.5,65
52,20609,4,1,86,134,170,65
49,20610,3,1,91,141,246.75,70
47,20611,1,1,96,138,184.25,69.5
51,20612,1,2,78,130,151.25,65.5
60,20614,2,2,82,130,179,67.5
46,20615,3,1,80,118,274.5,68
50,20616,2,2,88,128,195,66.5
51,20617,1,1,103,148,158.5,66.5
70,20618,1,1,75,135,150.5,69
48,20619,1,2,90,122,159,66
47,20620,1,1,72,102,199,72
58,20621,1,2,70,100,164.75,64.5
61,20622,1,2,64,117,128.5,60
71,20623,1,1,90,161,163.75,70
52,20624,3,2,84,118,196.25,63.75
66,20625,1,2,74,120,126.25,61.25
67,20626,1,2,80,140,136,62.5
57,20627,1,1,74,112,181.5,70.5
56,20628,2,1,92,150,190.25,67.25
44,20629,1,1,71,110,191,72
61,20630,1,1,72,136,203,70.5
50,20631,3,1,74,110,160,68
58,20632,1,1,86,134,194,68
60,20633,1,2,80,126,191,61.25
55,20634,1,1,88,141,171,64.5
63,20635,3,2,59,103,109,57
50,20636,1,1,82,109,225,70
70,20637,1,1,96,162,206.5,67.75
70,20638,4,1,56,99,166.5,68
52,20639,1,1,94,136,187.25,69.5
51,20640,2,1,90,144,168.5,70.25
62,20641,1,1,74,110,148.25,68.5
60,20642,2,2,72,130,164,61.5
68,20643,1,2,82,150,175.5,63.5
58,20644,3,1,70,118,164.5,65
60,20645,1,1,74,94,197,72
41,20646,3,1,74,112,216,70.5
60,20647,1,2,81,128,177,70
47,20648,3,1,98,149,200,68
42,20649,4,1,80,116,179.5,70.5
60,20650,1,2,72,130,94,60.5
63,20651,1,1,78,114,165.75,65.75
62,20652,4,1,62,93,136.25,68
42,20653,1,1,76,115,171,70.5
56,20654,3,2,40,140,150.25,60.75
50,20655,1,2,56,98,128,68.25
48,20656,1,2,73,119,197.5,62.5
43,20657,1,1,88,138,215,69.75
52,20658,3,2,86,124,298.5,65
60,20659,1,1,74,116,196.25,68
61,20660,1,2,81,134,129,64.25
52,20661,4,2,93,151,157.5,61.5
74,20662,1,2,80,156,160,64.25
81,20663,1,1,64,152,163.5,68.5
59,20664,3,2,80,120,142.5,59
64,20665,1,1,73,142,208.5,68
77,20666,1,2,90,160,146,63
57,20667,1,2,74,140,244,62
66,20668,1,1,94,130,154,64.25
69,20669,1,2,74,180,125.5,59
69,20670,1,1,71,143,221.5,70.5
67,20671,1,2,88,146,121,61.5
64,20672,1,1,70,132,193,66.5
61,20673,1,1,70,112,181,69
65,20674,1,1,74,120,170.5,70
69,20675,1,2,64,132,143,67
64,20676,1,1,70,110,174,69.75
70,20677,1,1,88,144,183,66.5
64,20678,1,2,76,133,151.5,62
56,20679,1,1,74,103,121,63.5
43,20680,1,1,84,118,206,69.75
71,20681,1,2,92,162,162.5,60.5
56,20682,3,2,72,123,162,64.5
68,20683,1,1,90,160,172.25,70.5
64,20684,1,1,90,126,238.25,68.75
65,20685,1,2,75,102,186.25,66.5
68,20686,1,1,72,108,164.5,68
66,20687,1,1,80,124,153.25,67
57,20688,1,1,86,125,170,64.25
54,20689,1,2,79,126,122,60
50,20690,1,2,85,102,128,64
69,20691,4,2,86,147,119,59
65,20692,1,1,86,133,219.5,69
52,20693,3,2,66,96,112.5,59
42,20694,1,1,70,120,181.75,72.75
53,20695,1,2,70,100,112,66.25
63,20696,3,1,88,132,163.25,63.25
60,20697,2,1,90,130,170.25,71
73,20698,1,2,64,113,171.5,67.5
51,20699,1,2,82,124,126.5,65
42,20700,1,1,78,110,152,68
64,20701,1,2,94,156,159.25,62.75
48,20702,1,1,88,135,187.5,69.5
62,20703,1,1,77,124,237.5,73.5
55,20704,1,1,80,136,217,73.75
57,20705,1,1,88,132,202,72
59,20706,1,1,86,122,193,70.5
67,20707,2,1,88,136,218,72
69,20708,1,1,80,116,200,66.75
73,20709,1,1,88,128,176.5,68.5
66,20710,1,2,90,150,162,63
65,20711,1,2,75,122,131,63
75,20712,4,1,88,116,169.5,67.5
83,20713,1,1,80,176,217,70.5
59,20714,4,2,91,136,123.5,61.5
65,20715,3,2,83,140,160.5,65.75
54,20716,1,1,90,132,202.5,73.75
59,20717,1,1,82,121,184,72
56,20718,2,2,72,130,168,68
54,20719,1,2,86,122,214.5,65
64,20720,3,1,60,105,125.5,63
71,20721,1,1,67,128,205,70.5
68,20722,1,2,80,132,163,66.5
61,20723,2,1,80,137,210.5,68
60,20724,1,2,95,148,151,67.5
70,20725,1,1,68,120,192,68.25
50,20726,1,2,80,128,116.75,64.5
70,20727,3,1,103,217,156.5,63.5
56,20728,1,2,78,103,211,67.5
44,20729,1,1,77,103,175,68.25
41,20730,1,1,71,115,149.75,69
62,20731,1,1,80,121,150.5,66
53,20732,1,2,88,146,186,67.25
62,20733,1,1,97,149,234,69.75
45,20734,2,1,65,108,190,69
69,20735,1,2,80,129,183.5,63
47,20736,1,2,86,131,190,66.5
69,20737,1,2,77,124,110,65.5
47,20738,1,1,66,95,157,70
68,20739,1,2,76,140,154,65
57,20740,1,2,82,111,187,65.75
55,20741,1,2,78,106,142.75,64
63,20742,1,2,92,142,136,61.5
64,20743,1,2,72,104,122,60.5
61,20744,3,2,88,146,180.25,61
64,20745,1,2,84,124,204,64
61,20746,2,1,75,120,144,71.5
66,20747,2,1,94,150,280.5,72.25
69,20748,1,2,72,158,148.75,61.5
68,20749,1,1,88,156,174.5,68.5
72,20750,1,1,74,130,148.5,64.75
61,20751,1,1,74,112,239,70.5
40,20752,3,1,82,120,181,67
58,20753,1,2,80,122,226.5,66.75
65,20754,1,1,76,110,180.5,66.25
64,20755,1,2,74,118,173.25,65
49,20756,1,1,71,95,180.25,72.5
56,20757,1,2,76,108,170,62
62,20758,2,2,66,108,140,60
70,20759,1,2,78,150,166.5,66.5
52,20760,1,2,80,120,160,64
63,20761,4,1,82,144,160.5,68
64,20762,4,2,76,150,142,64
65,20763,1,2,90,138,154,67
62,20764,1,2,90,140,195.75,67.25
64,20765,2,2,90,140,127.75,60.75
56,20766,2,2,74,124,160,63
56,20767,4,2,84,126,129,63.25
76,20768,1,1,84,138,172,68
63,20769,1,1,84,120,179,73.25
46,20770,4,1,81,116,158,67.5
54,20771,1,2,78,121,182,67.5
62,20772,1,2,66,110,184.5,63.5
64,20773,1,2,81,126,142.75,70
55,20774,1,1,83,132,182,70.5
54,20775,3,2,74,103,163,65
59,20776,1,2,62,121,166,65.5
69,20777,1,2,82,155,177.75,65
62,20778,4,2,82,122,102,59.5
62,20779,1,2,70,133,121,64
66,20780,4,1,84,138,208.5,69.5
42,20781,4,1,90,121,175,68.25
72,20782,3,1,75,130,166.5,71
68,20783,1,2,70,130,128.5,61.5
58,20784,1,2,87,112,123.25,63.25
42,20785,3,1,81,120,159.25,65.5
65,20786,3,1,74,116,199,72
74,20787,1,2,76,122,148.75,63.25
68,20788,4,1,90,150,142,65.75
58,20789,1,1,80,128,214.25,69.25
48,20790,3,2,71,106,179.5,62
72,20791,1,1,98,162,173,73
71,20792,1,2,80,120,136,68.25
80,20793,1,1,87,153,172,66.75
56,20794,1,1,68,102,171.5,67
79,20795,2,2,76,131,118.5,60.75
43,20796,1,1,80,114,186,71
78,20797,1,2,74,141,182,61
55,20798,1,2,74,108,171.25,64
80,20799,1,2,74,188,138,62.5
56,20800,1,1,76,112,213.5,65.25
61,20801,1,2,89,154,143,63.25
51,20802,2,2,90,130,214,66.5
78,20803,1,2,74,115,130.5,59
53,20804,1,2,81,128,233.5,70
57,20805,3,1,98,154,194.25,69.25
56,20806,1,1,113,164,258,75
58,20807,1,1,74,116,253.75,70
64,20810,1,1,83,132,150,70
63,20811,1,2,76,121,279,64
71,20812,1,2,70,133,119.25,62
65,20813,1,2,75,128,134.75,64.75
74,20814,1,2,62,160,126.25,58
56,20815,1,2,70,114,122,61.75
77,20816,1,2,64,135,133.5,63
46,20817,2,2,74,107,194.5,63.5
65,20818,2,2,60,110,148,61.75
61,20819,1,2,84,153,126.25,53.75
65,20820,2,2,84,130,166.5,63
71,20821,1,1,91,177,172.25,69.25
60,20822,3,2,76,126,188,65
62,20823,1,2,75,126,134,60.25
74,20824,1,2,73,136,139,63
70,20825,2,1,79,151,193.25,69.75
68,20826,2,2,80,120,176,68.5
75,20827,1,2,72,138,143,65
60,20828,1,1,82,130,183.25,70.5
52,20829,1,2,86,130,231.25,58.25
62,20830,1,1,99,137,162.25,70.5
54,20831,1,1,91,127,160.25,67.25
61,20832,2,2,70,109,135,66.5
40,20833,1,1,84,120,203.5,66.5
57,20834,1,2,82,124,148.25,65.75
62,20835,1,1,80,130,225.75,67.25
43,20836,1,1,78,113,187.5,72.25
68,20837,1,2,85,138,191,65.25
49,20838,1,2,80,128,123.5,64
49,20839,1,1,105,175,218,70.25
53,20840,1,1,70,108,185,69
51,20841,1,2,84,121,135,62
70,20842,1,2,72,140,151.25,64
49,20843,4,1,95,133,165,69.25
69,20844,1,2,90,140,127.75,60.5
52,20845,2,2,81,132,160.5,66.5
47,20846,4,2,100,154,125,56.25
68,20847,1,1,90,150,199.75,72
52,20848,1,2,81,120,151.5,67.5
73,20849,1,2,78,146,125.25,59.75
74,20850,1,1,68,150,150,63.75
66,20851,1,1,88,136,177,69.25
72,20852,1,1,82,124,215.75,71.25
63,20853,1,2,73,110,142,63
50,20854,1,1,70,124,188.5,70
40,20855,4,1,74,105,133.5,67.5
70,20856,4,2,72,144,146.75,72
54,20857,1,2,71,114,179.5,64
43,20858,1,1,80,114,174,69.5
52,20859,1,1,86,134,174,67
64,20860,4,2,76,114,169,63
64,20861,4,1,97,128,207,67.5
50,20862,1,2,98,146,204.5,65.5
50,20863,3,1,94,123,186,66
63,20864,1,2,94,152,149.75,60
50,20866,2,2,86,110,319.75,66
52,20867,3,2,70,102,116,60.5
66,20868,3,1,81,123,157,64
58,20869,2,1,72,132,193.5,70
62,20870,1,1,61,111,182,68.5
60,20871,1,2,92,148,195,65.5
58,20872,1,2,80,120,114,63
79,20873,1,1,88,143,177.5,67.25
50,20874,3,1,83,120,165,68.5
69,20875,1,1,76,140,167,69.5
68,20876,1,2,84,147,170.5,66.25
68,20877,1,1,91,152,187.75,69.5
62,20878,1,2,79,106,172.25,61.75
59,20879,4,2,78,113,149.25,62
63,20881,1,2,78,116,176,66.5
63,20882,1,1,88,132,172.5,72
65,20883,1,2,72,126,140,64.5
62,20884,1,1,84,114,166,65.75
64,20885,1,2,96,182,150,67
52,20886,3,1,82,114,209.5,72.75
72,20887,2,2,82,151,155,63
49,20888,1,1,82,116,195,71.5
61,20889,3,2,75,150,104,56
51,20890,3,2,70,110,135,62
56,20891,4,1,95,145,282,70
58,20892,1,2,71,111,97,62
46,20893,3,1,75,118,169,70
73,20894,1,1,86,142,192,73.5
56,20895,1,2,72,103,140.25,66.5
66,20896,1,1,70,100,148,69.75
43,20897,4,1,98,130,228.5,68.75
55,20898,1,2,70,120,114,61.5
62,20899,1,2,91,127,166,67.5
46,20900,3,1,68,115,153.5,69.75
74,20901,3,2,74,121,108.75,67.5
45,20902,3,1,113,170,213,65.5
40,20903,1,1,83,108,187.75,69.5
58,20904,1,2,76,108,165.5,62
63,20905,1,1,80,148,186.25,68.25
61,20906,2,2,86,120,201.25,69
72,20907,1,2,58,132,128.25,62.5
56,20908,4,2,80,117,122.5,61.5
54,20909,2,1,58,98,180,70
56,20910,1,1,71,116,145.5,69.5
44,20911,1,1,60,108,170.25,69.75
61,20912,1,1,80,126,215.75,66
66,20913,3,2,76,136,136,62.5
47,20914,3,1,76,105,248.25,72.5
55,20915,4,1,90,142,150.5,64.5
54,20916,4,2,92,150,140.5,62
60,20917,1,2,66,115,129,59.5
56,20918,2,2,73,108,147,65.5
60,20919,1,2,76,133,178.5,63
65,20920,1,1,60,112,176.5,66
58,20921,1,1,76,124,163,69
75,20922,1,2,90,140,149.75,64.75
62,20923,1,1,68,100,143.25,61
54,20925,3,2,80,140,177.5,63
51,20926,1,1,72,103,198.75,70
62,20927,1,2,72,130,159,63
62,20928,1,1,74,120,209.75,68.25
47,20929,2,1,75,108,157.5,66.5
56,20930,2,2,93,181,173.25,64
71,20931,1,2,60,118,143.5,60
42,20932,1,1,90,130,150,66.75
46,20933,1,1,88,122,139.75,65
54,20934,1,2,90,132,186.75,66
88,20935,1,2,70,146,159,63.25
47,20936,4,1,80,110,184,65.5
64,20937,1,2,98,164,137,60
42,20938,1,1,70,106,203,69.5
54,20939,2,1,78,120,226.5,70.75
65,20940,1,1,80,144,142.75,68
61,20941,1,2,64,112,142,63.5
59,20942,2,1,88,142,216,72
47,20943,1,2,80,108,185.25,68
80,20944,4,2,72,110,123.25,60
63,20945,1,1,70,118,150.5,71
45,20947,1,2,96,139,172.5,62.25
58,20948,1,2,62,116,141.75,65.5
76,20949,1,1,80,140,178.5,65.5
57,20950,3,2,79,140,195,63.5
41,20951,1,1,89,123,249.5,72.5
61,20952,1,1,87,127,195,69.25
52,20953,1,1,84,130,192,66.5
54,20954,1,1,74,102,194,71.75
66,20955,1,2,85,129,111.5,64.25
69,20956,4,1,71,123,183.75,74
73,20958,1,2,74,110,162.5,62
53,20959,1,2,72,112,148.5,65.75
50,20960,2,1,65,103,213.5,72
64,20961,4,1,68,114,173.5,72
47,20962,1,2,64,106,125.5,61
54,20963,3,1,90,128,313.75,70.5
50,20964,1,1,87,124,166.75,73.75
56,20965,1,1,62,112,200,67.75
62,20966,1,2,76,128,134.75,64
63,20967,1,1,70,110,197.75,68
82,20968,1,2,80,140,97.5,58.5
52,20969,1,2,75,105,189.25,60.5
61,20970,1,2,70,150,168.5,64.25
53,20971,1,2,76,122,117.75,62.5
55,20972,1,1,82,125,212.5,70.5
57,20973,1,2,80,120,109.5,61.25
57,20974,4,2,74,112,133.5,66.25
58,20975,4,2,82,146,130.5,61
41,20976,1,2,80,110,121,63.5
45,20977,1,1,84,112,161.5,65
53,20978,1,2,84,140,137,65
54,20979,1,2,82,128,130.25,63.5
63,20980,3,1,72,143,233,68
56,20981,4,2,58,98,115.75,63.5
40,20982,3,1,65,112,220,70
41,20983,3,1,82,118,241.5,71.75
64,20984,3,2,80,130,178,63.75
56,20985,3,2,70,126,193,66
56,20986,1,1,82,108,200,69
55,20987,1,2,72,104,197,65
60,20988,3,2,84,120,170.25,62.25
58,20989,1,2,126,167,134.25,66
60,20990,1,2,72,118,145.75,62.5
52,20991,2,2,100,151,176,64.75
63,20992,1,2,64,114,170,65.25
64,20993,1,2,90,140,170.5,63.25
64,20994,1,1,90,146,155.4,67
58,20995,4,2,70,110,117.5,60.5
52,20996,3,2,88,140,161,64.75
56,20997,1,2,82,138,144.75,63
49,20998,4,2,93,151,134.5,61
61,20999,4,2,60,110,140.5,59
45,21000,1,1,90,124,197.5,68
48,21001,4,2,78,124,141.5,62.25
58,21002,2,2,100,138,223,63.75
40,21003,4,1,76,111,173.25,71
58,21004,1,2,82,117,156,63.25
62,21005,1,2,72,112,145,64
67,21006,1,2,78,120,154.5,64.5
70,21007,1,2,72,110,129.5,66.75
61,21008,1,2,80,128,182.5,67
52,21009,3,2,80,130,159.75,65.25
71,21010,1,2,82,150,170,63.25
58,21011,3,2,68,101,146.5,63
50,21012,1,1,79,123,158,73
57,21013,2,2,83,114,106.75,65
49,21014,3,2,80,125,191,64
60,21015,1,2,72,108,169,67.75
66,21016,4,2,70,110,112,62
77,21017,1,1,93,184,230,70.25
46,21018,1,2,80,110,145.5,64
53,21019,1,2,68,110,153.75,66.25
49,21020,4,2,91,143,157.25,64
52,21021,2,2,82,169,280.5,70
63,21022,1,1,92,119,273,68.75
56,21023,1,1,84,120,194.75,73.25
74,21024,1,1,96,161,168.75,67.25
75,21025,1,1,86,158,150,67
72,21026,1,1,86,154,152,64
74,21027,1,1,85,147,179.5,67.5
40,21028,2,1,78,118,262.75,68.5
63,21029,1,2,82,136,107,61.5
59,21030,1,2,82,151,174.25,66.5
60,21031,1,2,71,143,253,63.5
59,21032,1,1,82,118,271.25,72.25
55,21033,1,2,90,150,191.5,66.25
51,21035,1,2,80,104,149.75,65
52,21036,1,1,76,118,148,68
49,21037,4,2,80,124,156.5,61.5
55,21038,1,2,72,112,224.75,65
49,21039,3,1,78,110,198.5,65
64,21040,1,2,90,136,186.5,66.5
60,21041,1,2,91,128,185.75,66.25
48,21042,1,2,82,118,123.25,62.5
60,21043,1,2,88,147,238,66.25
61,21044,1,2,74,121,163.5,60
62,21045,1,2,90,158,162.25,64
58,21046,1,2,78,141,132.5,61
53,21047,3,1,88,138,195.25,64.25
52,21048,1,1,83,112,187.75,69.75
56,21049,1,2,78,104,168,61.5
72,21050,1,2,82,178,145,62.25
52,21051,3,2,80,128,140.25,58.75
46,21052,1,2,80,130,178.75,67
71,21053,1,2,90,138,130,61
60,21054,1,2,84,138,182,65.5
65,21055,1,1,82,142,143.5,64.25
53,21056,1,2,74,118,138,60
64,21057,3,1,82,170,168.5,67.75
57,21058,1,2,96,140,197.25,64.25
44,21059,1,2,70,100,168.25,67.75
51,21060,1,2,81,108,181.25,68.5
69,21061,1,2,74,150,110.25,58.5
72,21062,1,2,70,138,140,60
56,21063,1,2,72,138,140,66
65,21064,1,1,95,130,200,73
56,21065,1,1,90,146,212.5,73.5
70,21066,1,2,70,120,141.75,60.5
52,21067,1,2,84,124,226,66.75
43,21069,1,1,90,128,211.25,71.5
54,21070,4,1,73,98,144,66.25
51,21071,2,1,91,136,188.5,70.25
61,21072,2,1,88,128,191,70
62,21073,4,2,72,120,123,60.5
62,21074,1,2,80,130,142,63.5
60,21075,1,1,88,138,214,68.25
62,21076,1,2,80,128,167,63
53,21077,1,1,80,124,232,73
62,21078,3,2,86,120,180,65.5
52,21079,1,2,89,136,182,53.5
51,21080,2,2,88,120,161,64.25
67,21081,1,2,76,142,131.25,63.5
70,21082,1,1,89,141,210.5,65.75
65,21083,1,2,80,140,114,60
66,21084,1,2,82,132,118.5,60.5
58,21085,1,2,86,129,165.5,64.25
63,21086,1,1,80,140,168.75,68.25
55,21087,3,2,86,121,130.5,62.75
47,21088,1,2,68,96,201,66.25
64,21089,1,2,71,118,188.25,71.5
65,21090,1,1,78,132,215,67.75
56,21091,1,2,76,118,198,64
54,21092,1,2,80,148,145,63
60,21093,1,2,60,110,132.25,61.25
62,21094,4,2,94,144,115,58.5
76,21095,1,1,68,138,156,67.25
61,21096,4,1,82,130,199.5,67.5
53,21097,1,1,84,116,171.25,70.5
51,21098,1,2,86,137,193.25,65.75
67,21099,3,2,92,134,147.75,62.5
71,21100,4,2,78,129,135.75,59.75
63,21101,1,2,80,134,137.75,63.75
52,21102,1,2,84,140,200,62.5
70,21103,1,1,81,132,196.25,69
66,21104,3,2,70,122,136.5,61.25
46,21105,3,2,62,98,128.5,63.75
62,21106,1,2,82,108,156.75,63
49,21107,3,1,76,114,187.75,71.25
67,21108,1,1,70,108,168,67
52,21109,4,2,93,136,183.5,62.25
48,21110,3,1,84,130,206,66
55,21111,1,2,84,146,156.75,61.75
65,21112,1,2,64,120,129.25,60
66,21113,1,2,81,140,170,65
55,21114,1,2,72,104,120.25,63.75
58,21115,1,1,95,150,192,73
73,21116,1,2,91,156,139.75,64
65,21117,1,1,68,100,182.25,68.25
73,21118,1,1,77,126,144.25,69
56,21119,1,1,88,116,210.5,72
45,21120,3,1,82,115,246.5,65
65,21121,1,2,70,130,224.75,63.75
63,21122,4,2,74,112,131.25,62
53,21123,4,1,71,116,142.75,66
68,21124,1,2,90,164,124,62.25
69,21125,1,1,70,132,160.5,67
66,21126,1,2,84,130,216.5,64.25
74,21127,1,1,82,160,170,67
57,21128,1,1,81,113,152.5,68
49,21129,1,2,72,102,184,66.5
55,21130,3,2,66,113,146.5,65
55,21131,1,2,64,110,151.25,65.25
63,21132,2,2,69,121,147,66.5
74,21133,1,2,80,156,229.25,60.75
66,21134,4,2,66,120,100,60
56,21135,1,1,88,126,204,68.5
64,21136,1,1,67,124,142.25,66
60,21137,1,2,80,120,121,63.5
81,21138,1,1,72,115,170.5,66.75
77,21139,1,2,87,108,148.5,63.25
61,21140,1,2,87,138,155,64.75
51,21141,1,1,90,128,286.5,75
51,21142,4,1,74,110,146,65
57,21143,1,1,88,112,195.5,66
60,21144,1,2,78,120,235.25,68.75
53,21145,4,2,92,133,232,64.5
64,21146,1,1,70,120,187.5,67.5
52,21147,4,2,71,96,124,62.75
66,21148,3,2,68,120,193,60.75
62,21149,1,2,72,140,176,63.25
65,21150,1,1,94,148,212.25,70.75
59,21151,1,2,84,150,117.25,60.25
75,21152,1,1,76,111,192,71.75
58,21153,1,2,77,138,167.5,65
63,21154,1,2,85,131,163,63.5
68,21155,1,1,68,150,155,64
50,21156,4,2,71,102,128,61.5
63,21157,1,1,59,110,152.25,69
60,21158,1,2,75,101,129,64.5
56,21159,1,2,74,106,142.75,65.25
65,21160,1,2,94,150,165,66
66,21161,1,2,68,116,119.5,61
65,21162,1,2,84,152,167,61.5
71,21163,1,2,67,102,134,63.5
57,21164,2,1,89,137,150.5,68
62,21165,1,2,80,128,158.25,62
57,21166,1,2,82,160,189.5,59.5
55,21167,1,2,84,141,181.5,68.25
59,21168,3,2,80,130,136,63.75
53,21169,3,2,94,110,182.75,64.5
77,21170,1,2,58,138,136.5,62.5
51,21171,1,2,88,111,156.25,64.25
61,21172,3,2,86,139,126.5,60
47,21173,4,1,84,123,226,68.5
82,21174,1,2,74,138,151.75,68.5
61,21175,4,1,106,161,197.5,69
70,21176,1,2,69,99,145.75,61.25
40,21177,3,1,60,110,207.25,68.5
46,21178,2,2,81,131,249.5,66.5
55,21179,2,1,70,130,168.5,67
53,21180,3,2,74,112,132,62.75
64,21181,1,1,74,124,68,64
60,21182,1,2,68,110,140,65.25
56,21183,3,2,74,112,137.25,61.5
71,21184,1,1,82,124,143.5,63.25
70,21185,1,2,68,152,138,65.5
54,21186,3,2,72,124,153.75,60.75
52,21187,1,2,80,124,153.75,62.75
42,21188,1,1,68,104,185,71.75
54,21189,1,1,90,130,156,70.25
62,21190,1,2,78,108,150,64.5
57,21191,3,2,91,146,162.75,60.5
63,21192,3,2,68,160,155,63.5
55,21193,1,2,84,140,164,61.25
58,21194,1,1,86,116,194,67.75
76,21195,1,2,70,120,128,60.5
75,21196,1,1,82,161,166,66
49,21197,1,2,84,104,122,65
48,21198,3,1,77,121,273.5,70
69,21199,1,1,74,146,169,65
57,21200,3,2,53,120,152.5,62
52,21201,2,1,78,120,164,71.25
48,21202,1,2,74,118,133.25,63
53,21203,3,2,83,108,164.5,65
61,21204,1,1,86,130,210.25,68.25
77,21205,1,2,50,120,156,68.25
55,21206,3,2,80,113,171.5,64.25
69,21207,1,2,64,102,118.25,62
74,21208,1,1,91,158,179,68
82,21209,1,2,82,131,117.25,60.5
61,21210,1,2,69,157,194.5,63.5
69,21211,4,1,98,132,193.75,65.25
69,21212,4,2,76,136,107.5,60
64,21213,1,2,73,133,149,66.5
62,21214,1,2,83,134,183.5,65.75
73,21215,1,2,66,142,119.5,64
71,21216,1,2,81,104,145.75,64.5
65,21217,1,2,55,98,132,65.5
66,21218,1,1,80,116,241,68.5
60,21219,2,2,84,133,178,65
63,21220,1,2,88,136,161.5,66.5
58,21221,3,2,95,183,119,62
54,21222,1,2,82,124,222.5,65
65,21224,1,2,82,114,130.5,60
65,21225,4,2,86,136,146.75,60
66,21226,1,2,87,154,191.25,65.5
65,21227,2,2,94,151,131.75,60
57,21228,1,2,72,112,135.5,61
53,21229,3,1,92,139,161.75,66.5
55,21230,2,2,74,114,218.75,63.5
67,21231,1,1,85,120,213,75.25
62,21232,1,2,58,107,150.5,64
64,21233,2,2,70,142,152,60.5
51,21234,1,2,83,106,190.5,64
61,21235,2,2,79,138,173,66.5
57,21236,1,2,81,143,176.5,64
51,21237,1,2,80,126,130,67.75
61,21238,1,2,75,118,131,61.25
69,21239,4,1,63,120,162,66
69,21240,1,2,84,134,115.5,61.5
79,21241,3,2,72,132,143,60
59,21242,3,2,62,116,154.25,60
66,21243,1,2,86,148,135,63.5
71,21244,1,1,92,138,182,65
70,21245,2,2,82,179,182.5,63
58,21246,4,1,86,124,181,70
75,21249,4,2,84,138,140.5,62
54,21250,1,2,82,119,132.5,65
60,21252,1,2,71,128,127.5,62
65,21253,1,2,68,116,126.5,62.5
70,21254,1,2,84,152,181.5,65.75
84,21255,1,2,62,118,118,60
58,21256,1,2,80,107,170.5,66.75
77,21257,1,2,78,144,144,63.75
60,21258,1,2,88,133,220,61
58,21259,1,2,70,112,185.5,65
68,21260,1,2,84,170,122,61.5
54,21261,2,2,80,129,184,69.5
61,21262,1,2,76,123,134,58
58,21263,1,2,93,131,181.25,63.5
69,21264,2,2,72,118,214,68
62,21265,3,2,84,113,129,61.5
55,21266,1,2,84,125,150,62.25
58,21267,1,2,75,136,122.75,60.5
60,21268,1,2,67,122,157.75,63.25
58,21269,1,2,70,113,133.5,65.5
63,21270,1,2,80,115,160,68
61,21271,1,2,74,106,175.5,68.5
56,21272,4,2,75,120,130.5,63
67,21273,1,2,60,125,202.5,60
49,21274,1,2,88,144,203,61.5
61,21275,1,2,90,140,151,63
55,21276,1,2,72,103,143,65
58,21277,3,1,96,126,158.5,66
55,21278,3,2,81,141,228.75,59
62,21279,2,2,80,146,172.75,61
61,21280,2,2,82,122,189,63.5
58,21281,4,1,84,132,147.75,63.75
59,21282,1,2,82,130,143,62.5
61,21283,1,2,82,129,161,66
55,21284,4,2,90,118,137,63
45,21285,1,2,84,132,155.5,65.75
65,21286,2,2,69,120,174.5,66.25
66,21287,4,2,76,130,153,62.5
58,21288,1,2,88,136,193,67
52,21289,1,2,80,111,108.5,61
52,21290,1,2,92,131,165,63.5
73,21291,2,2,73,144,205,65.5
66,21292,1,2,77,113,152,66.75
51,21293,2,2,75,118,205,61.5
74,21294,2,2,94,154,158,58.5
76,21295,2,2,91,176,201.25,66.75
49,21296,1,2,75,124,135,63
57,21297,1,2,86,122,178.5,65.75
60,21298,3,1,86,136,197.5,65.75
66,21299,1,1,78,116,225,69.5
53,21300,1,2,66,105,166.5,66.5
66,21301,4,1,90,124,212,69
70,21302,4,2,84,200,111.5,58.5
65,21303,1,1,77,108,206,72
69,21304,1,2,80,148,206,63
62,21305,1,2,84,125,118.75,63.25
51,21306,1,2,84,114,148,66
57,21307,1,2,90,130,168.5,68
60,21308,1,2,70,123,207,61
45,21309,3,2,69,106,134.5,64
51,21310,1,1,78,122,164.5,68
66,21311,1,1,84,131,156,69.25
69,21312,1,1,72,125,256,71.5
65,21313,1,2,86,126,208,66.5
55,21314,1,2,80,140,156.25,64.75
60,21315,1,2,84,115,208.75,61.75
65,21316,1,1,74,137,250,74.25
67,21317,1,2,80,116,154,65
61,21318,1,2,82,161,150.5,63
56,21319,3,2,82,132,144.25,59.5
61,21320,3,2,68,106,126.5,63.5
70,21321,1,2,77,132,199.25,63
76,21322,1,1,66,120,195,69.5
50,21323,1,2,83,116,146.5,62.25
61,21324,1,1,98,146,262,69
59,21325,1,2,82,130,245.75,62.75
62,21326,1,2,83,152,154,62.5
58,21327,1,2,78,121,150,67.5
66,21328,2,2,88,148,169.5,65.75
61,21329,1,2,86,155,142.5,63.5
63,21330,3,1,66,108,161.75,72.75
67,21331,1,2,88,148,162,67
65,21332,1,2,71,126,147.5,62
59,21333,2,2,74,118,183,69
60,21334,1,2,68,126,134.5,59
60,21335,1,1,82,118,268,73
61,21336,1,2,88,125,145,66.5
70,21337,2,2,74,120,112,60.25
59,21338,1,2,84,150,146.5,61.25
53,21339,1,2,86,137,194,67.25
65,21340,3,1,77,128,165.5,67
55,21341,1,2,76,134,145,60.5
63,21342,1,2,71,114,122.5,59.25
54,21343,1,2,72,109,244.5,69
77,21344,1,2,80,130,110.5,65.5
59,21345,1,2,88,138,154.75,65
62,21346,1,2,66,112,154.5,63.5
67,21347,1,1,76,128,183.25,69.75
64,21348,3,2,80,130,139.5,63
67,21349,1,2,78,136,159,64
72,21350,1,2,70,126,116,62.5
54,21351,1,2,90,144,188,65.75
62,21352,1,2,78,139,132,67
61,21353,1,2,84,132,286.5,62
64,21354,1,2,80,160,151.75,66.75
67,21355,1,1,85,144,142,64.25
60,21356,1,2,80,132,142.5,64.75
69,21357,1,2,60,110,122,63.25
53,21358,1,2,64,110,133.5,65.5
56,21359,1,2,77,112,144.25,62
52,21360,4,2,88,144,124,63
52,21361,1,2,85,131,228,66.5
58,21362,1,2,81,124,176,67
62,21363,1,2,72,132,126,60.75
70,21364,1,2,84,140,154.75,63
52,21365,2,2,82,113,136.75,67.5
58,21366,2,2,80,163,293.5,68
52,21367,1,2,78,130,164.25,64
50,21368,3,2,78,123,205.5,68
67,21369,1,1,56,107,157,67
66,21370,1,2,70,110,104.25,59.5
67,21371,1,1,88,138,196,72
47,21372,4,2,79,110,114.5,62.75
46,21373,3,1,82,106,184.5,65
66,21374,1,2,76,124,185.75,63
46,21375,1,2,96,122,142.25,63.75
40,21376,1,1,101,153,228,69.5
63,21377,1,1,70,120,219,69
57,21378,1,2,80,131,180.25,65.5
63,21379,1,2,78,114,230.75,67
59,21380,1,2,86,120,161.25,65
71,21381,3,1,87,128,180.5,64.75
43,21382,3,1,70,108,203.25,66.75
58,21383,4,1,94,150,186,67.25
77,21384,3,2,76,136,143,59
63,21385,1,1,101,141,246.25,73.5
44,21386,3,1,82,110,186.5,66.75
55,21387,1,2,77,130,128.5,65
69,21388,1,1,74,136,133.5,65
65,21389,1,2,62,118,130,64
53,21390,1,2,86,124,166.5,65
59,21391,1,2,71,99,128.5,64.25
48,21392,3,2,77,125,215.25,68.5
62,21393,1,1,94,132,172.5,75.5
54,21394,1,2,84,133,140,64
57,21395,1,2,86,120,168,65.75
50,21396,4,1,94,130,171,67.25
60,21397,4,1,80,120,168,68.25
60,21398,1,2,78,122,119.5,62
55,21401,1,1,91,153,197,67
68,21403,2,2,100,173,206.5,62.25
61,21404,3,1,88,154,350,71
70,21405,4,2,95,133,129,61
72,21406,4,1,78,158,179,68.25
46,21407,4,1,78,114,169,70
52,21408,1,2,84,135,157,63.5
63,21409,4,1,82,134,146.5,64.25
52,21410,4,1,71,98,126.25,67.5
66,21411,4,1,76,124,156.25,66.25
56,21413,3,1,70,108,198,73
49,21414,3,1,81,121,226.25,69.25
44,21415,4,1,84,120,156,68
45,21416,3,1,68,100,140,65
61,21417,1,2,77,133,121.5,62.25
64,21418,1,2,74,138,218,67
53,21419,4,2,82,128,131,58.75
55,21420,3,2,72,116,141.75,63.5
59,21421,3,1,97,170,158.25,65.75
68,21422,3,1,100,164,324.25,69.5
78,21423,1,2,58,139,150,59
66,21424,1,2,85,132,182,70.75
72,21425,4,1,80,130,151,64.25
65,21426,2,2,90,160,136.5,61.5
65,21427,1,2,79,128,163,63.75
68,21429,1,1,74,122,140.25,64
58,21430,1,1,82,128,166.5,72.5
69,21431,1,2,88,208,131.5,63.75
49,21432,3,1,96,126,220,68.5
64,21433,1,2,78,112,167.5,68.5
66,21434,3,1,70,113,171.5,65
46,21435,1,2,62,91,150,67
74,21436,1,2,60,150,138.5,63.5
50,21437,1,2,90,140,221.5,65.75
76,21438,1,2,78,134,102.25,60.25
72,21439,1,2,84,164,148,62.5
51,21440,4,1,89,121,145,68
48,21441,2,2,100,132,217.25,66.5
41,21442,2,1,76,120,276,72.25
53,21443,3,2,86,142,199.75,62
58,21444,1,2,86,154,199,64.75
54,21445,1,2,78,119,206,65.5
54,21446,3,1,80,126,175.5,65
62,21447,1,2,76,133,195,68
67,21448,3,1,91,130,180,68.25
49,21449,2,1,87,142,168.5,69
63,21450,2,2,71,104,180.5,61
71,21451,3,1,66,135,146,67
57,21452,1,2,71,126,150,66
52,21453,4,1,93,131,181.5,66.5
59,21454,3,1,84,130,143.5,65.5
56,21455,4,1,71,128,174.5,68
45,21456,3,1,89,127,162.5,65
73,21457,1,2,64,131,157.5,66
58,21458,2,2,86,116,159.5,64.5
51,21459,2,2,88,141,138.75,64
71,21460,1,2,82,150,137.25,61.75
74,21461,1,1,79,144,178.5,71
60,21463,1,2,90,127,137,65.25
48,21464,3,2,74,106,138,59.25
46,21465,3,1,63,94,160,66
64,21466,1,1,96,159,165.5,63.25
66,21467,3,2,84,140,170,58
45,21468,1,1,82,112,253.75,73.25
64,21469,3,2,86,154,161.25,62.25
58,21470,1,2,80,128,163.75,64
66,21471,1,1,67,108,148,68.25
77,21472,1,2,68,123,139,64
60,21473,2,2,80,140,182,58
66,21474,4,2,88,178,142,61.5
56,21475,3,2,72,138,120.25,60.5
62,21476,2,2,74,144,148.5,65
64,21477,1,2,70,100,120.25,62.25
55,21478,1,2,76,134,218.5,69
56,21479,1,2,80,140,144.25,57.75
68,21480,1,2,86,149,190,61.25
53,21481,1,1,111,162,197,67.5
75,21482,3,1,75,116,162,64.75
59,21483,2,1,84,130,196,67
56,21484,1,2,78,117,110.25,63
62,21485,3,2,91,134,127,62
51,21486,2,1,88,142,220,74
60,21487,2,1,91,124,182.5,67.5
63,21488,1,2,76,143,149,67
42,21489,1,1,78,102,163,53.75
71,21490,1,2,52,110,115.25,58.75
69,21491,1,2,71,126,123.5,62
58,21492,1,2,81,161,184.75,65
62,21493,1,1,87,160,236.25,71
60,21494,1,2,61,107,139.5,65
46,21495,4,1,77,113,184,72
62,21496,2,1,112,177,190.5,70.75
58,21497,3,1,84,130,213.5,70.75
69,21498,1,2,66,147,162.25,66
50,21499,3,1,79,130,179.5,65
62,21501,1,2,78,133,183,62.5
59,21502,2,1,76,129,225.5,71
52,21503,1,2,58,100,127.25,61.75
59,21504,4,2,66,120,131.5,60
50,21505,3,2,80,126,193.25,64
58,21506,1,2,73,140,295.5,65
60,21507,1,2,84,130,181.5,65.5
57,21508,1,2,76,126,134.25,65
63,21509,3,1,77,122,180.5,66
56,21510,2,2,96,142,143.5,61.5
57,21511,1,1,84,118,156,67
58,21512,3,1,88,148,200.25,67.25
63,21513,1,2,68,120,135.5,62.25
63,21514,2,2,78,122,145.25,61.25
73,21515,4,2,76,124,99.5,60
66,21516,4,2,80,149,141.25,62.25
65,21517,2,2,78,115,140.5,66.5
62,21518,1,2,72,105,146.75,65
56,21519,1,2,75,123,125,66
59,21520,1,2,89,142,165,63
63,21521,4,2,92,137,140,58.5
63,21522,3,2,88,139,125.25,60
65,21523,4,1,80,120,135.5,63
51,21524,1,2,84,124,182.5,65
60,21525,3,1,68,118,150.5,65
54,21526,1,2,76,108,188,66
63,21527,4,2,66,126,121,60
55,21528,3,2,70,112,183.5,61.5
70,21529,1,2,56,130,210.5,70
64,21530,1,2,75,142,207,65.5
60,21531,3,1,76,121,168.5,64
64,21532,1,2,67,105,168,65
63,21533,2,1,83,150,211,72
67,21534,1,2,85,138,173,64.25
55,21535,4,2,70,100,111.5,64.5
59,21536,4,1,72,116,121.25,67.5
79,21537,1,2,67,155,138.75,65
70,21538,1,2,84,173,198.75,64.5
65,21539,1,2,80,129,141.25,64.25
46,21540,2,2,81,119,228,69.25
58,21541,4,1,93,151,156.25,65.75
67,21542,2,2,81,131,196.25,65.5
68,21543,2,2,82,120,159.75,66.75
60,21544,3,1,73,104,183.5,67.5
50,21545,2,1,80,119,350,75
77,21546,3,1,63,143,195,69
73,21547,1,2,70,117,115,64
54,21548,4,1,91,144,181,69
58,21549,1,2,76,114,271.5,71.5
70,21550,3,1,77,136,164,63.25
64,21551,3,2,78,174,167.5,63.25
43,21552,4,1,90,123,173,69
62,21553,1,2,62,108,161,66
48,21554,1,1,88,116,246.75,72.25
45,21555,2,1,93,129,196,69.5
69,21556,3,2,85,126,149,63
55,21557,3,1,88,118,199.5,67.5
66,21558,1,2,78,151,214,63.5
58,21559,2,2,89,142,166,67.25
59,21560,1,2,80,136,139.25,63.5
66,21561,4,2,90,120,159,63
49,21562,3,2,72,119,160.5,65
63,21563,1,2,74,112,114.5,64.75
62,21564,1,2,98,169,135,66
56,21565,1,1,80,124,198,69
51,21566,3,1,83,110,186.5,69.5
47,21567,3,1,83,121,210.5,67
59,21568,1,2,80,128,164,67.25
40,21569,2,1,69,108,170.5,68
63,21570,1,2,74,114,138.25,66
53,21571,1,2,70,110,154.25,63
60,21572,1,1,83,126,168,67
45,21573,2,2,114,160,227,66.25
75,21574,1,1,82,120,245,73.5
47,21575,2,1,54,88,180,69.5
58,21576,1,1,87,114,291.5,73.5
57,21577,1,2,80,134,174.25,63.5
43,21578,4,1,94,134,182.5,72
72,21580,4,2,60,104,132,58.5
75,21581,1,2,72,138,165.25,62.5
45,21582,1,2,74,104,135.5,66
52,21583,2,1,80,121,221.5,69.75
53,21584,4,2,64,106,111,65
64,21585,1,2,78,108,200,61.75
76,21586,1,2,80,130,137.5,58.25
52,21587,1,1,64,105,148,67.5
50,21588,2,1,88,124,132.5,68
56,21589,1,1,78,111,219,74.5
49,21590,1,1,82,110,162.75,66
53,21591,3,2,76,128,200.5,62.5
50,21592,2,1,89,114,235.25,71.75
42,21593,3,1,94,124,191.5,68.5
57,21594,1,2,74,138,142,64.25
58,21595,1,2,75,107,131,65.5
63,21596,1,1,90,130,179.5,70
63,21598,3,1,68,126,189.75,65
55,21599,2,1,78,132,222.5,72
54,21600,3,1,74,113,167.5,69
65,21601,3,2,76,133,138.5,61.5
57,21602,1,1,92,144,188,73.25
62,21603,1,2,80,110,229.5,68
49,21604,1,1,91,142,191.5,70.5
70,21605,1,2,80,142,173,64
85,21606,1,2,70,108,107,62
42,21607,3,1,70,107,154,63
52,21608,1,2,102,164,218,61.75
64,21609,2,2,90,140,226.5,67
60,21610,1,2,88,148,146.25,63.25
55,21611,3,2,64,90,148,59
70,21612,1,2,76,128,173.75,68
45,21613,1,1,72,111,172,67.5
60,21614,1,1,82,128,201.75,66.75
57,21615,3,1,80,110,178,65
65,21618,1,1,68,123,150,67
65,21619,3,2,82,102,203,61.25
59,21620,1,1,92,136,144,68.75
55,21621,1,2,78,139,233.5,65.5
54,21622,3,2,86,130,159.25,60.75
66,21623,1,1,88,160,209,66.25
62,21624,1,2,86,146,115.5,60
55,21625,4,1,94,176,148,63.75
46,21626,3,1,98,134,178.25,66
46,21627,2,2,80,128,193.25,64.25
46,21628,2,1,106,136,149,71.75
70,21629,4,2,80,120,145.25,61.75
46,21630,2,2,80,123,223,66
61,21631,2,2,80,128,137,64
72,21632,4,1,106,156,155.5,64
48,21633,2,2,71,120,156,63.5
50,21634,3,1,76,111,193,67
40,21635,2,1,80,130,179,72.5
48,21636,1,2,80,112,166,68
52,21637,2,2,90,126,245,66
45,21638,2,1,94,139,187.5,68.5
75,21639,4,1,86,137,97,62
53,21640,3,1,68,102,147,67.75
55,21642,3,2,98,168,164.5,63
54,21643,3,2,90,122,185,63
45,21644,2,1,90,122,218.5,74
47,21645,2,2,76,116,216,70
50,21646,2,1,86,130,215.25,71
55,21647,2,2,82,138,156,62.25
40,21648,3,1,74,112,181.5,64.5
54,21649,1,2,82,120,124.5,61.75
55,21650,2,1,68,110,136.25,60.25
65,21651,3,1,80,152,235.5,63.5
42,21652,2,1,89,126,211,70
48,21653,2,2,77,115,208,63.75
56,21654,2,2,77,104,165.5,68.5
55,21655,2,2,96,136,152.5,67
45,21656,2,1,66,100,183.25,66.25
63,21657,2,2,88,150,280,67.25
66,21658,1,1,70,110,190,70
64,21659,2,2,82,122,166,69.25
41,21660,1,1,89,114,187.75,69.5
47,21661,4,1,96,120,165.75,66.75
47,21662,4,1,70,115,150,66.25
60,21663,2,1,93,145,218.25,73.25
52,21664,1,2,98,153,146.5,62.75
59,21665,1,1,73,116,153.75,67.5
46,21666,2,2,91,128,167.5,64
63,21667,2,1,82,130,199,65.75
59,21670,2,1,80,150,190.75,67
72,21671,2,1,82,144,192.5,70
52,21673,2,2,90,130,194.25,67.5
61,21674,2,1,87,161,257,70
50,21675,2,2,70,114,160.5,63.75
52,21676,2,2,79,121,279.5,64
54,21677,2,2,80,136,134,61.5
53,21678,2,2,83,132,194.25,67
51,21679,3,2,88,130,224,62.25
53,21680,3,1,81,122,156.5,63.5
70,21681,2,2,84,142,216,65.5
85,21682,2,1,84,154,118,62.5
82,21683,2,1,60,149,122,62
53,21684,2,2,90,124,196.5,67.5
66,21685,2,2,90,160,261.25,63.25
51,21686,1,1,76,115,160.25,70
63,21687,2,2,78,136,138.5,63.5
58,21688,2,2,88,143,208,64
54,21689,3,2,69,112,124,63.5
49,21690,1,2,76,128,168,63
62,21691,3,2,62,132,149,62
57,21692,2,2,82,128,206.5,62.75
55,21693,3,2,86,150,162,60
59,21694,2,1,98,149,207.25,71.75
84,21695,2,2,74,112,142,59.5
55,21696,2,2,86,140,239,66.75
64,21697,2,1,88,116,264,69.75
64,21698,2,1,72,122,162.5,67.5
64,21699,1,2,78,160,289.5,66.5
66,21700,2,2,90,132,173.5,67.5
68,21701,2,1,78,131,178.5,67.5
70,21702,1,1,82,116,224.75,72.75
67,21703,3,1,78,116,289,70
60,21704,2,2,82,139,166,61.5
70,21705,2,2,86,127,126,62.5
59,21706,2,2,70,120,208,67.5
53,21707,2,2,86,114,199,62.5
64,21708,2,2,76,128,304,68.5
56,21709,3,2,84,113,203.75,65.75
76,21710,2,2,70,134,282,69.5
60,21711,1,2,84,143,177.5,60.5
66,21712,4,1,94,128,178.5,67.75
73,21713,2,1,79,126,173.25,64.5
54,21714,3,1,76,112,170.75,66.5
50,21715,3,2,78,107,141.25,60.5
59,21716,1,2,104,140,158,66
60,21717,2,1,104,137,195,71.25
60,21718,3,1,74,115,170.5,65
51,21719,3,1,90,118,178,68.5
66,21720,2,2,60,100,124,53.25
55,21721,3,1,80,119,183.25,65.5
41,21722,1,2,83,126,199.25,67
73,21723,1,1,95,171,193,69.75
56,21724,4,1,98,125,175.5,64.75
50,21725,3,2,70,106,135.5,63.5
69,21726,3,2,90,160,178.5,60.5
58,21727,2,2,68,110,238,63.75
55,21728,2,2,92,136,136,64.25
60,21729,2,2,78,120,135.5,61.5
78,21730,1,2,74,178,180,65
80,21731,1,2,100,161,174.25,67.25
54,21732,2,2,70,140,153,65.75
73,21733,3,2,86,143,191.5,59
56,21734,2,2,92,125,207.25,64.25
32,21735,4,1,85,142,141,61.5
63,21736,4,1,71,136,140,63
63,21737,2,2,71,136,192.5,65
55,21738,4,2,96,136,184,62
80,21739,4,2,76,133,187,63.5
81,21740,2,2,76,130,153,65.75
68,21741,1,1,74,130,212.5,67.5
64,21742,2,2,82,130,227,61.25
75,21743,3,2,80,130,132,61.25
67,21744,3,2,90,128,140,62.5
57,21745,2,2,68,112,166,63.75
54,21746,2,1,90,140,178,69
60,21747,4,1,80,122,257,70
66,21748,3,2,76,118,136,61.25
58,21749,3,2,74,108,204,62.25
68,21750,2,2,82,141,207,64
62,21751,1,2,90,140,160,64.5
62,21752,2,2,89,128,143.25,63.75
53,21753,3,1,86,126,170,68
68,21754,3,2,80,129,152.25,64
51,21755,2,1,90,135,205,71
68,21756,2,1,74,128,153.5,66
48,21757,1,2,82,112,205,67.75
57,21758,2,2,74,120,190,61
77,21759,3,2,70,134,112.5,58
68,21760,1,1,82,136,191.25,70.5
59,21761,2,1,78,120,212.5,70
58,21762,4,2,70,100,154.5,63
42,21763,4,1,75,120,209.25,72.75
69,21764,4,2,82,140,107.75,60
73,21765,3,1,84,131,173.5,71
62,21766,1,2,68,110,156,66
55,21767,4,2,72,114,138.25,63.5
52,21768,2,1,104,146,237.5,72
67,21769,2,1,86,127,218.25,71
73,21770,1,2,81,158,140,65.25
69,21771,4,2,80,130,151.5,61.25
46,21772,4,1,78,120,153.5,67.5
49,21773,3,1,134,188,208,70.75
59,21774,2,1,92,158,232,71
49,21775,3,1,92,138,213.5,68.5
52,21776,3,2,78,116,178.5,61.75
57,21777,3,1,74,116,176.5,66
59,21778,3,2,68,122,190.5,60.75
58,21779,4,1,74,102,123.5,63
66,21780,1,1,70,106,155,67
61,21781,4,2,80,136,150,64
66,21782,2,2,82,140,136.75,68.5
50,21783,3,2,89,124,151,60.75
72,21784,4,2,62,140,146.5,61.25
54,21785,4,1,90,134,161,68.5
60,21786,4,2,84,125,138.75,65.5
66,21787,1,2,66,108,205.75,67
57,21788,3,2,66,96,246.25,60.5
81,21789,4,1,75,114,142.5,64
66,21790,3,2,80,140,124,60
61,21791,1,1,91,130,250,71.5
76,21792,4,1,78,130,143.75,64
47,21793,2,1,74,110,209.5,72.75
53,21794,3,1,84,130,204.25,68
67,21795,1,1,100,162,149,65.5
69,21796,4,2,80,130,92,57.25
63,21798,1,2,67,130,124.5,58
42,21799,3,1,90,124,244.5,72.5
57,21800,2,2,85,125,205.75,60.5
73,21801,4,1,82,143,133.5,62.75
50,21802,4,2,74,111,126.5,58
47,21803,3,1,92,128,195.5,67.5
43,21804,3,1,70,105,203.25,69.5
55,21805,3,2,74,114,267.25,62.5
57,21806,4,1,100,142,137.75,61.25
44,21807,3,1,84,129,191,70
58,21808,3,1,88,126,206.75,72
53,21809,3,1,92,136,194,68
65,21810,4,1,90,151,170.5,67
60,21811,2,1,68,98,196.75,68.5
52,21812,2,2,70,96,143,61.5
52,21813,2,1,86,126,206.5,70.5
67,21814,3,1,90,140,171.5,67
65,21815,2,2,82,126,148,63
62,21816,3,2,80,124,123.5,61
63,21817,2,1,91,142,172.75,72.75
54,21818,3,2,80,120,179,64.75
64,21819,1,2,92,140,230.5,65.75
70,21821,2,1,80,170,169,66.5
51,21822,1,2,80,112,138.5,66.25
55,21823,2,2,78,140,219.5,65.5
75,21824,1,1,91,146,159,66.75
55,21825,3,2,60,91,172.5,62
51,21826,3,1,86,135,187,69
52,21827,1,2,87,137,269,65
44,21828,3,1,73,105,206.5,72
52,21829,1,2,60,100,135.25,66.25
67,21830,3,2,76,111,125.25,62.25
72,21831,1,1,90,137,234,73.5
62,21832,4,2,76,130,158,59
56,21833,1,2,74,110,226,59.5
59,21834,1,1,66,94,181.25,70
65,21835,3,2,94,160,110,59
49,21836,1,2,86,116,182.25,63.75
55,21837,1,2,80,117,126.5,66.5
65,21838,1,2,89,124,170.5,64.75
59,21839,1,1,65,108,158,70
58,21840,1,2,74,106,165.5,60.5
71,21841,1,1,80,140,168,71.5
61,21842,4,2,102,143,143.75,60
45,21843,1,1,70,102,216,70
63,21844,2,2,70,120,236.5,62
58,21845,2,2,88,130,187.5,64.75
53,21846,1,1,76,130,248.5,70.25
51,21847,1,2,80,120,192.5,67
49,21848,3,2,70,110,121.75,61.25
68,21849,1,1,84,122,148.75,66
59,21850,1,1,69,112,170.5,69
58,21851,3,2,85,121,174,60
51,21852,3,1,88,126,269.5,69.5
55,21853,4,2,80,110,130.75,62.25
53,21854,2,2,81,134,201.75,66
53,21855,1,1,72,112,172,69.5
53,21856,3,1,81,120,182,66
55,21857,1,1,80,141,271.5,71
54,21859,4,2,90,137,138.25,60.5
51,21860,4,1,63,93,161,69.25
47,21861,4,1,80,116,139.5,62
58,21862,3,2,90,134,160.5,58.5
58,21863,2,1,84,138,238,67.5
66,21864,4,2,86,152,171,62
77,21865,1,2,54,132,155.5,65.5
56,21866,3,2,80,120,181.5,63.5
58,21867,4,1,82,124,143.25,63.25
54,21868,1,2,84,124,163,59.25
48,21869,3,1,86,131,163.5,66.25
58,21870,4,1,78,104,162,67.5
48,21871,3,1,90,130,219,72
57,21872,3,2,72,102,154.75,65.25
72,21873,1,1,78,108,175,72
68,21874,1,1,100,164,216.5,69.5
67,21875,1,2,88,118,105.25,62.25
63,21876,1,1,86,118,163.5,69.25
57,21877,2,1,86,122,170.5,67
54,21878,1,2,90,124,144.25,66
66,21879,4,1,80,155,165,66
46,21880,3,1,85,135,178,66
55,21881,2,2,75,125,163,65
59,21882,4,2,74,120,153,59.5
62,21883,1,2,100,165,156,64
62,21884,1,2,87,136,162.5,62.5
62,21885,3,2,86,160,203.25,67
55,21886,1,2,70,115,150.5,69
53,21887,4,2,68,103,155.5,59
42,21888,2,1,80,114,203,67.75
50,21889,2,2,75,110,117,59
46,21890,3,1,88,111,200,67
66,21892,4,2,66,117,134.5,61
71,21893,4,1,80,130,188,68
60,21894,2,2,85,120,176,64
59,21895,4,2,79,110,144.5,60.5
59,21896,2,2,84,122,143.5,64
54,21897,4,2,90,140,114,61
63,21898,4,2,73,116,153,64
57,21899,1,2,80,135,164,65
55,21900,1,1,102,136,267.5,80
64,21901,2,2,72,120,186.5,61
70,21902,1,2,85,140,173,63
59,21903,1,1,80,130,170,70
62,21904,4,1,90,130,175,70
67,21905,1,2,100,160,125,63
52,21906,3,1,75,120,197,65
42,21907,4,1,98,127,235.5,69.5
58,21908,1,2,68,101,182,64.5
66,21909,1,2,77,150,169.5,62
61,21910,3,1,90,130,182,67
51,21911,3,2,74,116,149.5,63
63,21912,1,2,70,120,136,61
56,21913,1,2,80,120,146,67
63,21914,1,2,77,112,168.5,65.75
70,21915,1,1,84,126,167.5,69
72,21916,3,1,85,140,185,69
58,21917,4,1,85,135,149,65
57,21918,3,1,80,108,188.5,69
59,21919,1,2,95,155,168,64
71,21920,1,2,84,129,185.25,67.5
65,21921,3,1,75,110,195,67
58,21922,1,2,80,125,224,61
53,21923,1,2,68,92,159.25,62.5
57,21924,3,2,85,140,149,61
77,21925,1,2,80,130,196,62
42,21926,1,1,94,121,217.5,70
42,21927,2,1,90,120,207,73
55,21928,1,1,83,132,172.5,70
67,21929,1,2,80,125,134.5,65.5
62,21930,2,2,86,124,322.5,69.5
55,21931,1,2,80,110,127,66
54,21932,1,1,104,138,194,68.25
79,21933,1,1,88,141,150.25,66.75
54,21934,1,1,90,122,156,65
71,21935,1,2,106,181,181,64
60,21936,1,2,82,156,304,63
42,21937,3,1,70,100,214.5,70.5
63,21938,1,1,86,153,158.75,65.75
51,21939,1,2,80,135,130,64
57,21940,1,1,94,124,229,70.5
64,21942,1,1,83,128,179.5,69.5
71,21943,1,1,80,140,199,70
55,21944,1,2,88,123,161,65.75
61,21945,1,1,87,113,220,69
63,21946,1,1,104,128,159,60.75
58,21947,2,2,86,136,183.5,62.5
79,21948,2,2,80,155,170,63
71,21949,2,2,74,135,190.5,62
67,21950,4,2,90,140,144,59
67,21951,1,1,70,123,168,72.5
57,21952,2,2,74,112,125.5,64.5
48,21953,4,1,86,112,172.5,68.5
60,21954,3,1,82,140,172.75,64
57,21955,4,1,74,134,154.5,64.5
71,21956,1,2,64,155,184,62
64,21957,1,2,81,136,155.25,65.5
69,21958,2,2,68,130,168,67
70,21959,1,2,66,122,180.5,58.25
64,21960,1,2,74,123,152,63.75
77,21961,1,1,92,161,204,70
41,21962,2,1,83,124,180.75,70
68,21963,1,1,83,130,158.5,70
63,21964,1,2,54,96,126,65.5
63,21965,1,1,72,116,174.5,70
77,21966,1,1,84,163,220.75,69
64,21967,1,2,80,130,178.5,65.5
55,21968,2,2,86,132,203.5,66
51,21970,4,1,100,140,187.25,68
55,21971,1,2,78,112,128,68.5
78,21972,1,2,82,130,143,64.5
82,21973,1,1,72,140,126.75,69.5
59,21974,2,2,84,159,182.75,66
50,21975,1,1,80,118,213.5,71
78,21976,1,2,71,136,122.5,62
55,21977,1,2,86,126,230.75,66
56,21978,1,1,80,112,208.5,70.75
42,21979,4,1,78,120,168,75
41,21980,4,1,86,123,169,67.5
60,21981,1,1,97,201,284.5,70.75
55,21982,1,1,82,138,210.75,68.5
55,21983,1,2,76,112,127.5,59.5
69,21984,1,1,74,111,189.25,67
67,21985,1,2,78,126,128,65
53,21986,1,2,90,140,177.75,63.25
48,21987,1,2,80,120,166,67
63,21988,1,1,70,114,187.5,69
62,21989,1,2,86,136,149.5,63.75
43,21990,1,1,82,118,191.75,69
66,21991,1,1,98,162,156.5,68.25
66,21992,1,1,80,140,185.5,69.5
71,21993,2,2,72,116,109,65
58,21994,1,1,76,114,210.25,69.5
42,21995,4,1,86,117,189,69
54,21996,2,1,84,110,185.5,64
64,21997,1,2,79,122,189.5,71.5
58,21998,3,2,74,124,149.5,60
68,21999,1,2,72,105,140.25,61.5
40,22000,2,1,86,121,287,72
56,22001,1,1,100,164,236,72.5
77,22002,1,1,88,179,177.5,68.5
60,22003,1,1,78,124,276,70.5
59,22004,1,2,82,150,160.25,64
53,22005,1,1,72,110,155.25,68
56,22006,2,2,86,144,164,66.25
48,22007,1,1,78,114,155.75,66
75,22008,1,2,110,150,158,64
72,22009,1,1,82,150,199.25,67.5
59,22010,2,1,80,120,222,73
63,22011,2,2,90,124,127.5,61.75
68,22012,2,1,95,145,236,72
65,22013,2,2,78,122,142,60.25
58,22014,1,2,86,136,156.5,60.5
56,22015,3,2,84,119,138.75,60
63,22017,2,2,64,133,136.75,61.5
48,22018,3,1,70,110,145.5,66.5
59,22019,1,2,68,98,182.75,61.25
66,22020,2,2,90,150,145.75,65.5
55,22021,1,1,80,138,237.75,71.25
60,22022,1,2,64,107,128.75,62.25
64,22023,1,1,90,142,178,69.5
61,22024,4,1,98,142,164,67.5
54,22025,4,1,100,142,191,68
50,22026,4,1,88,114,141.25,68.75
51,22027,2,2,82,120,129.5,67.5
81,22028,1,1,80,158,183.75,66.5
72,22029,1,2,68,124,152.5,64
43,22030,1,1,90,134,201,65
56,22031,1,2,76,128,156.75,67
54,22032,1,2,83,130,176,59
54,22033,4,1,70,104,142.75,64.75
55,22034,2,2,88,123,183,62.75
70,22035,1,1,80,135,207,75
54,22036,1,1,75,115,210,71
59,22037,1,2,78,126,223.5,68.5
51,22038,2,2,84,135,208.25,67
61,22039,1,2,78,120,156.5,67.5
65,22040,1,1,66,123,181,68
54,22041,1,2,86,124,170,67
74,22042,4,2,68,148,123,57.5
59,22043,1,1,67,115,257,70
42,22044,1,1,70,104,143.75,67.5
53,22045,1,2,90,130,138.75,65.75
56,22046,1,2,80,133,192,64
53,22047,2,2,72,118,156.75,66
70,22048,4,2,57,114,94.25,56
55,22049,1,2,89,138,186.5,64.5
46,22050,4,1,82,130,216.5,68
61,22051,1,1,74,122,288,72
59,22052,1,1,76,114,179.25,70.75
65,22054,2,2,82,132,152,64
43,22055,1,1,74,105,164.5,69.25
48,22056,2,2,84,108,175,68
76,22057,2,2,80,152,129,56.75
59,22058,1,1,90,120,201,71.75
54,22059,1,2,72,110,154,67
46,22060,3,1,72,104,180,72
69,22061,1,2,76,102,180,62
63,22062,1,2,68,136,180,69.5
62,22063,2,2,80,110,184,66
49,22064,3,1,88,117,151,67
65,22065,1,2,79,108,140,64.75
64,22066,1,2,86,132,129.5,64.5
54,22067,1,1,84,122,192,73.5
54,22068,3,2,80,116,139.5,66
68,22071,3,2,72,143,95,58.5
72,22072,2,2,74,137,125,61.5
64,22073,1,2,84,180,126.5,67.5
45,22074,1,1,80,130,180,69.5
58,22075,1,1,80,124,209.5,71
60,22076,1,1,88,126,189.5,69.25
77,22077,2,2,70,131,186.25,66
63,22078,3,2,86,118,182.25,57.75
56,22079,1,2,72,112,137.75,62
57,22080,1,2,76,119,128,64.75
59,22081,1,1,90,158,210,70
83,22082,4,2,78,116,113,58
63,22083,1,2,90,138,194,66.5
64,22084,3,2,84,125,179.25,66.75
60,22085,1,1,76,110,190.5,69
69,22086,1,1,85,126,233.5,72
75,22087,2,2,80,130,133.75,65.5
52,22089,1,1,84,130,192.75,69
71,22090,1,2,78,156,143,62.5
52,22091,4,1,76,106,168,69
59,22092,1,2,60,140,174,61.25
64,22093,2,2,86,156,183.25,62.25
66,22094,3,2,72,116,149,63
63,22095,1,1,78,120,149.5,63
60,22096,1,2,64,110,165.5,66
60,22097,2,2,70,125,135.5,63.75
53,22098,3,2,75,101,128,66.5
60,22099,2,1,92,147,212,72
47,22100,1,1,82,122,230.5,69.75
79,22101,1,2,80,144,147.25,64.25
84,22102,1,1,68,114,181.5,66
51,22103,1,1,83,117,180,70.5
59,22104,1,1,83,132,292,73
69,22105,1,1,85,149,194.5,68
65,22106,1,1,77,158,201.5,71
70,22107,1,1,73,106,196,68
71,22108,1,2,79,138,145,63
63,22109,4,1,74,118,134.5,66
67,22110,1,1,94,155,214.25,72
70,22111,1,2,60,88,86.75,59.25
42,22112,3,1,91,125,172.5,68.5
55,22113,1,2,70,104,177.75,62
61,22114,1,1,72,120,249.75,72.5
58,22115,1,2,72,110,129.5,63.5
59,22116,1,2,93,132,183,63.5
41,22117,3,1,76,114,177.75,65
77,22118,1,1,78,136,153.5,68
68,22119,2,1,86,120,212.25,72
60,22120,3,2,84,130,187,64
77,22121,1,2,68,118,179.5,64.25
57,22122,3,2,73,120,134,62.25
50,22123,1,1,81,121,182.5,67
52,22124,1,1,84,124,220.5,71
66,22125,1,1,96,136,266.5,72
46,22126,1,1,79,114,203.5,71.5
48,22127,1,1,74,110,227,77.5
46,22128,3,1,92,118,188,69.25
56,22129,1,2,78,126,145.5,65.5
57,22130,1,2,93,134,138.5,63.5
57,22131,1,2,68,104,129.5,64
57,22132,1,1,86,117,197.5,68
54,22133,1,1,95,149,215.75,72.25
43,22134,1,1,80,114,175.75,69
44,22135,3,1,94,132,190.25,67.5
60,22136,1,1,80,136,189.5,72.25
52,22137,1,1,78,126,216,70
55,22138,1,1,78,112,208.5,72
54,22139,1,2,72,106,145.5,62
61,22140,1,1,64,100,151.5,68
56,22141,1,2,82,120,143.5,63.25
68,22142,1,1,102,148,182,69.75
58,22143,2,1,89,126,188.75,69.5
70,22144,2,2,74,126,157,62
79,22145,1,1,80,160,177,66.5
54,22146,2,2,82,106,180,65.5
66,22147,2,2,75,99,213,64
67,22148,1,1,84,116,156,69
65,22149,1,1,97,144,211,70.25
63,22150,1,2,88,122,162,66.5
59,22151,1,2,88,139,151.5,62
60,22152,1,1,85,142,182.25,71.75
64,22153,2,2,75,133,164.5,65
79,22154,1,2,78,148,133.75,62.75
64,22155,3,1,95,155,176,67
79,22156,3,2,90,195,156,61
73,22157,2,1,87,131,237.25,73.75
45,22158,4,2,76,104,124.5,66
62,22159,1,1,86,132,183.5,68
64,22160,1,1,83,116,158,65
72,22161,3,2,74,120,145.25,65.75
82,22162,1,1,83,146,154.25,67
64,22163,3,2,85,136,175.25,64
67,22164,2,1,78,126,238.75,72
48,22165,2,1,78,116,147,70
50,22166,3,2,95,140,149,64.5
57,22167,3,2,82,159,155.5,58.25
49,22168,4,1,95,140,189,67
62,22169,1,1,83,112,244.5,67.5
59,22170,2,1,90,136,231.5,76.5
67,22171,1,1,71,104,191.75,68.75
43,22172,1,1,84,110,193.5,70
69,22173,1,1,56,142,306,70
48,22174,1,1,78,114,176.75,68.5
48,22175,1,2,80,122,172.5,67
62,22176,2,2,80,134,114.5,60.75
67,22177,1,1,88,139,174.75,68
50,22178,1,1,80,108,227.25,72.25
49,22179,4,1,105,140,164.25,63.25
58,22180,3,2,81,118,130.25,60
58,22181,2,1,93,148,176,71
47,22182,1,1,86,120,234.5,71.5
50,22183,1,2,87,129,210.75,64.25
52,22184,3,2,68,100,122.25,60.5
48,22185,1,1,110,150,326.75,72
63,22186,1,2,84,120,155.75,63.25
54,22187,4,1,74,112,159,68
60,22188,1,1,78,121,205.5,67
44,22189,3,1,77,105,198.5,68.25
40,22190,2,1,73,116,198.5,70
47,22191,1,1,84,126,181,67.5
42,22192,1,1,82,133,193.5,66.75
46,22193,4,1,87,121,151,65
78,22194,1,1,66,114,150,67.25
41,22195,1,1,88,136,202.5,72
64,22196,2,2,70,116,225,66.75
76,22197,1,1,85,140,190.5,70.5
53,22198,1,1,74,104,194,68
72,22199,3,2,94,173,163.25,62.5
56,22200,3,2,84,146,193.5,63
52,22201,1,2,76,110,155,67.25
62,22202,1,1,74,114,183.75,68.25
60,22203,1,2,91,128,226.25,65
54,22204,1,1,82,136,183,67.25
53,22205,3,2,88,117,202,54.75
51,22206,1,2,74,112,185.25,64.5
59,22207,1,1,78,112,179,65.5
61,22208,1,2,94,138,147.5,64
48,22210,4,1,84,119,219,70
59,22211,1,2,74,121,139.5,61
65,22212,1,2,87,160,170.75,62.25
49,22213,1,1,86,124,206.75,69.75
60,22214,1,2,80,120,149,65
62,22215,1,1,76,114,179,65.75
44,22216,1,1,68,110,206,70
46,22218,1,1,81,110,228,72
50,22219,1,2,87,132,180.75,64
55,22220,2,2,85,130,231,64
51,22221,1,1,84,122,169.5,71.25
54,22222,1,2,80,135,152,64
64,22223,2,2,98,156,183,64
58,22224,1,2,65,110,132,64.5
64,22225,1,2,75,140,132.5,65
61,22226,1,1,86,129,178,68.5
48,22227,1,1,86,123,173.5,69
40,22228,1,1,72,108,176.75,71
49,22229,1,2,100,135,187,64.5
46,22230,1,1,86,120,187.25,71.25
71,22231,2,1,90,155,220,72
58,22232,1,1,100,155,216,68
60,22233,1,1,80,140,202,73
51,22234,1,2,83,126,167.5,63
50,22235,1,2,90,133,176,69
55,22236,1,1,96,147,205,70
56,22237,1,1,94,138,164.25,65
59,22238,1,2,88,142,171,72
56,22239,1,1,84,130,203.75,72.25
61,22240,1,1,83,146,204.25,70
56,22241,2,1,86,116,234,71
57,22242,2,2,100,171,275,64.5
56,22243,1,2,68,110,127.25,63.75
62,22244,1,1,100,144,282,72.25
69,22245,1,1,90,138,250.5,77
54,22246,1,2,77,112,200,69
62,22247,2,2,68,129,164,65
73,22248,2,1,80,119,163.5,69
40,22249,4,1,90,134,192.5,67.75
65,22250,4,1,74,126,153.25,67.5
50,22251,4,1,84,126,183.25,69.5
55,22252,1,1,88,148,283,70.5
46,22253,1,1,84,130,155,69.5
74,22254,1,1,72,118,143,69
52,22255,1,2,64,98,131.75,61.25
54,22256,1,1,70,112,192,71.25
42,22257,1,1,90,122,234,71.75
56,22258,1,1,76,120,143.75,63.75
51,22259,1,1,80,120,192,70.75
60,22260,1,1,92,168,195.75,69.25
41,22261,4,1,84,124,165,65
56,22262,1,1,76,114,223.75,68.5
48,22263,1,2,70,100,136.5,62
52,22264,3,2,82,119,147.25,61.5
44,22265,3,2,91,151,148.25,63
53,22266,1,2,92,134,216.25,65.5
62,22267,4,1,76,122,141.5,68.5
61,22268,4,2,90,147,122.5,64
55,22269,1,1,74,116,156,62.5
52,22270,1,1,79,123,152.75,65.5
51,22271,3,1,88,127,227.25,68.25
52,22272,4,1,78,130,163.5,69.5
42,22273,1,1,100,144,269.75,73.25
53,22274,2,1,84,136,315,68
43,22276,1,1,86,123,194.25,67
56,22277,2,1,109,155,160.5,66
53,22278,3,1,84,133,142,66.25
57,22279,1,2,80,115,158,65
70,22280,1,2,84,146,191.5,65
60,22281,3,1,70,140,220.5,69.5
56,22282,1,2,78,116,145,69.5
59,22283,1,2,78,120,164.75,66.25
73,22284,1,2,74,136,160.5,63
52,22285,1,1,62,112,158.25,64.5
56,22286,3,2,66,100,119,62.5
46,22287,4,1,90,140,223.25,69.25
54,22288,4,2,76,113,131,63
44,22289,1,1,90,130,231.25,72
59,22290,1,2,78,103,163.25,59
40,22292,1,1,88,130,187.5,69
62,22293,1,2,88,140,254,71
50,22294,1,1,78,107,179.5,70
78,22296,1,1,110,166,166.5,68.25
57,22297,1,2,74,110,168.75,61.75
48,22298,1,1,70,108,158.25,71
49,22299,1,2,80,130,204,62.25
57,22300,3,1,87,127,225,67.5
41,22301,2,1,60,90,174.25,65.5
62,22302,1,1,87,110,191.75,71
59,22303,1,1,78,120,210,69.75
47,22304,4,1,82,114,195,70
53,22305,1,1,90,126,197.25,69.75
50,22306,1,1,66,112,143.75,68
61,22307,1,2,88,130,164.5,65
63,22308,2,2,76,138,235,69
55,22309,3,2,70,120,153.75,63.5
68,22310,1,1,64,120,156.5,67.75
58,22311,1,1,72,118,155,72
54,22312,1,2,72,134,168,64
60,22313,1,2,64,102,160,66.25
73,22314,3,2,62,122,140.5,56.75
52,22315,1,1,92,136,166.5,67.5
75,22316,1,1,81,146,202,69
54,22317,2,2,96,147,170.5,67.5
57,22318,3,1,82,122,185,67
46,22319,1,1,70,104,171.75,68.5
53,22320,1,1,92,134,170.5,67.75
55,22321,1,2,82,130,135.5,62
55,22322,1,1,97,157,170.5,67.75
77,22323,4,1,96,134,130.5,63.75
43,22324,1,1,85,134,209,73
56,22325,1,1,83,151,190.5,71.5
55,22326,1,1,76,110,184.25,70
51,22328,1,1,82,122,265.75,72
51,22329,2,1,92,122,176.5,64.5
60,22331,1,2,84,116,175,65.25
61,22332,1,1,72,122,207,69
54,22333,1,2,82,114,175,64.75
47,22334,2,2,84,134,182.75,63
49,22335,1,1,81,132,197.5,68.25
49,22336,1,2,77,105,145,64.75
65,22337,2,2,66,126,174.5,68.75
42,22338,1,1,82,113,170.25,69.5
58,22339,2,2,80,139,137.25,65
57,22340,4,1,84,120,167.5,66.5
51,22341,3,2,74,130,120,62.5
45,22342,1,1,82,120,186,66.5
60,22343,1,2,84,148,141.75,61.75
64,22344,1,1,79,136,174.5,69
71,22345,4,2,85,121,136,60.75
55,22346,3,2,80,114,156.5,63.75
45,22347,4,1,80,106,134.5,67
63,22348,1,1,82,136,210,71
52,22349,1,1,60,98,158.75,71.5
65,22350,2,1,90,120,212,70.5
55,22351,1,1,80,126,204.5,71.5
54,22352,3,1,74,114,238.5,69.5
53,22353,3,2,89,141,155.75,63.75
52,22354,4,1,100,144,183.75,71
57,22355,3,2,82,137,147,60.5
47,22356,3,1,90,138,207,65.25
67,22357,4,1,90,144,159.5,61.5
63,22358,2,2,92,163,226.5,67
63,22359,1,2,70,132,150,65.5
52,22360,1,1,80,128,161,67.5
67,22361,1,2,79,131,183,63
57,22362,1,2,82,150,173,66.5
74,22363,3,1,87,138,171,65.25
63,22364,1,1,74,113,167.25,74.5
56,22365,1,1,81,118,198,71
73,22366,1,2,80,135,186.25,66.75
66,22367,3,2,84,124,100.75,56
62,22368,1,1,85,144,182,65
65,22369,2,1,90,140,189.75,71
47,22371,3,2,86,127,212.5,65
52,22372,4,2,80,117,155.75,62
49,22373,2,2,82,110,148.5,66
60,22374,1,2,70,112,140.5,64
49,22375,4,1,94,136,201.5,66.25
53,22376,1,1,89,140,185.75,71
53,22377,1,2,76,106,144.25,67.25
58,22378,1,1,86,118,189.75,67.75
52,22380,4,2,88,117,126,56.75
56,22381,1,1,93,150,269.75,72.5
59,22382,1,2,77,109,141.5,65
59,22383,2,2,82,135,246.5,67
42,22384,1,1,79,114,202,73.5
62,22385,3,2,82,138,170,63.25
65,22386,2,2,78,154,159,64
48,22387,1,1,68,102,150.5,67.25
59,22388,1,2,78,113,187,65
52,22389,2,2,78,110,137.75,67.75
63,22390,3,1,86,130,233.25,68.75
57,22391,4,2,100,152,115.5,59
66,22392,2,2,72,122,160,63.25
65,22393,1,2,70,103,174,65.5
40,22394,3,1,78,108,194.75,71
68,22395,1,1,82,134,242.5,70.5
